Auzeville 2010 1 1 1 6.3 8.2 2.3 1.3 0.0 4.4 7.9 330.0 
Auzeville 2010 1 2 2 0.4 4.5 2.8 0.3 2.0 0.9 6.6 330.0 
Auzeville 2010 1 3 3 0.3 4.9 2.5 1.1 5.0 4.3 5.0 330.0 
Auzeville 2010 1 4 4 3.0 7.7 3.5 0.4 0.0 3.3 8.3 330.0 
Auzeville 2010 1 5 5 2.1 6.6 1.3 0.3 0.5 2.1 7.4 330.0 
Auzeville 2010 1 6 6 -1.6 8.6 7.5 0.2 0.0 1.2 6.4 330.0 
Auzeville 2010 1 7 7 -2.1 3.3 1.9 0.2 2.0 1.0 5.8 330.0 
Auzeville 2010 1 8 8 -1.9 -0.6 0.9 0.4 0.0 4.2 4.6 330.0 
Auzeville 2010 1 9 9 -4.1 -2.6 3.2 0.4 0.0 4.1 4.1 330.0 
Auzeville 2010 1 10 10 -4.1 2.2 6.2 0.4 0.5 1.4 4.4 330.0 
Auzeville 2010 1 11 11 -8.1 4.4 7.3 0.1 0.0 0.7 4.4 330.0 
Auzeville 2010 1 12 12 -9.3 6.6 4.1 0.4 7.0 3.4 4.8 330.0 
Auzeville 2010 1 13 13 1.9 13.7 7.8 0.5 0.0 2.5 8.1 330.0 
Auzeville 2010 1 14 14 6.4 13.7 4.2 1.0 12.0 3.4 10.0 330.0 
Auzeville 2010 1 15 15 4.3 8.9 6.5 0.5 0.0 2.2 8.3 330.0 
Auzeville 2010 1 16 16 -0.7 9.2 4.1 0.2 3.0 4.2 7.1 330.0 
Auzeville 2010 1 17 17 6.1 11.8 4.3 0.5 0.0 1.0 10.1 330.0 
Auzeville 2010 1 18 18 -0.8 11.4 6.2 0.3 0.5 0.6 8.1 330.0 
Auzeville 2010 1 19 19 0.9 8.8 4.5 0.4 2.0 3.6 7.2 330.0 
Auzeville 2010 1 20 20 7.0 11.2 2.5 0.6 12.5 1.8 10.4 330.0 
Auzeville 2010 1 21 21 6.0 10.1 7.1 0.5 0.0 1.5 9.1 330.0 
Auzeville 2010 1 22 22 -0.8 12.3 8.9 0.3 0.5 0.8 7.5 330.0 
Auzeville 2010 1 23 23 3.7 10.8 5.8 0.9 0.0 3.7 8.0 330.0 
Auzeville 2010 1 24 24 6.0 8.8 2.1 0.4 1.5 1.6 9.2 330.0 
Auzeville 2010 1 25 25 3.7 7.4 3.6 0.6 0.0 1.4 7.4 330.0 
Auzeville 2010 1 26 26 -2.0 7.1 9.9 0.4 0.5 2.4 5.9 330.0 
Auzeville 2010 1 27 27 0.1 4.5 9.0 0.8 0.0 2.5 4.9 330.0 
Auzeville 2010 1 28 28 -1.5 7.0 4.6 0.7 0.0 3.0 5.7 330.0 
Auzeville 2010 1 29 29 4.6 9.7 3.8 0.9 4.5 3.2 8.4 330.0 
Auzeville 2010 1 30 30 2.7 8.1 5.7 1.2 3.0 3.9 6.5 330.0 
Auzeville 2010 1 31 31 -1.0 5.3 11.1 0.5 0.0 1.2 5.1 330.0 
Auzeville 2010 2 1 32 -5.4 7.4 10.5 0.4 0.0 1.1 5.0 330.0 
Auzeville 2010 2 2 33 -4.2 9.8 11.2 0.4 0.0 0.8 5.9 330.0 
Auzeville 2010 2 3 34 -3.9 12.0 11.7 0.5 0.5 0.7 6.2 330.0 
Auzeville 2010 2 4 35 -0.8 12.6 5.7 0.2 9.0 6.0 7.5 330.0 
Auzeville 2010 2 5 36 6.3 12.9 9.2 1.1 1.5 2.7 9.9 330.0 
Auzeville 2010 2 6 37 2.5 13.0 9.0 0.9 4.0 3.8 8.4 330.0 
Auzeville 2010 2 7 38 7.0 11.6 7.4 1.1 0.0 1.8 9.4 330.0 
Auzeville 2010 2 8 39 -1.2 8.2 7.2 0.6 2.5 1.8 6.6 330.0 
Auzeville 2010 2 9 40 3.1 5.4 5.4 0.9 0.0 2.8 6.5 330.0 
Auzeville 2010 2 10 41 0.2 2.9 5.8 1.2 0.0 3.8 4.9 330.0 
Auzeville 2010 2 11 42 -3.6 0.4 6.6 1.4 0.0 5.6 3.7 330.0 
Auzeville 2010 2 12 43 -3.9 0.0 4.9 0.8 0.0 3.1 4.1 330.0 
Auzeville 2010 2 13 44 -3.5 1.2 7.9 0.9 0.0 2.4 3.8 330.0 
Auzeville 2010 2 14 45 -1.8 1.5 4.6 0.8 0.0 1.6 4.3 330.0 
Auzeville 2010 2 15 46 -2.0 4.1 12.0 0.7 0.0 0.9 4.4 330.0 
Auzeville 2010 2 16 47 -0.8 10.7 5.2 0.9 0.0 4.6 7.3 330.0 
Auzeville 2010 2 17 48 7.0 11.5 3.7 0.9 1.5 2.1 9.7 330.0 
Auzeville 2010 2 18 49 5.1 14.2 11.5 1.1 17.0 1.6 9.6 330.0 
Auzeville 2010 2 19 50 6.1 8.3 5.1 1.1 1.5 2.7 8.3 330.0 
Auzeville 2010 2 20 51 2.6 9.9 9.3 1.2 0.0 2.5 7.4 330.0 
Auzeville 2010 2 21 52 0.1 12.5 6.7 1.2 0.0 2.8 7.2 330.0 
Auzeville 2010 2 22 53 5.4 13.1 7.4 1.3 0.0 4.8 9.4 330.0 
Auzeville 2010 2 23 54 7.3 17.3 12.1 1.8 0.0 2.6 11.3 330.0 
Auzeville 2010 2 24 55 5.9 17.3 13.4 1.8 2.5 2.1 9.6 330.0 
Auzeville 2010 2 25 56 7.9 14.1 5.4 1.7 0.0 3.8 10.0 330.0 
Auzeville 2010 2 26 57 7.4 13.2 11.3 2.0 0.5 2.9 8.5 330.0 
Auzeville 2010 2 27 58 1.9 14.7 7.0 1.5 0.5 6.1 8.2 330.0 
Auzeville 2010 2 28 59 10.1 16.0 13.8 2.4 0.0 2.7 9.9 330.0 
Auzeville 2010 3 1 60 1.9 14.8 10.7 1.4 0.0 1.6 8.3 330.0 
Auzeville 2010 3 2 61 0.1 17.3 15.1 1.8 2.5 2.6 7.6 330.0 
Auzeville 2010 3 3 62 7.6 9.9 3.0 1.2 5.0 5.7 9.7 330.0 
Auzeville 2010 3 4 63 7.1 12.2 4.8 1.2 1.0 2.5 10.1 330.0 
Auzeville 2010 3 5 64 4.3 11.2 15.6 1.9 0.5 1.5 6.4 330.0 
Auzeville 2010 3 6 65 -2.8 12.5 17.3 1.6 0.0 0.9 4.7 330.0 
Auzeville 2010 3 7 66 -1.6 8.2 14.6 1.6 0.0 1.8 4.4 330.0 
Auzeville 2010 3 8 67 -2.3 0.3 3.5 0.6 0.0 2.0 4.7 330.0 
Auzeville 2010 3 9 68 -4.1 4.2 18.5 1.8 3.5 3.3 4.0 330.0 
Auzeville 2010 3 10 69 -2.8 2.7 12.1 1.6 0.5 2.7 3.7 330.0 
Auzeville 2010 3 11 70 -2.3 2.3 7.4 1.1 0.0 1.9 4.1 330.0 
Auzeville 2010 3 12 71 0.2 7.5 13.2 1.8 0.0 2.6 5.0 330.0 
Auzeville 2010 3 13 72 -0.6 8.9 15.5 1.8 0.0 2.2 5.2 330.0 
Auzeville 2010 3 14 73 0.6 8.6 16.1 2.0 0.0 3.0 5.4 330.0 
Auzeville 2010 3 15 74 2.7 12.0 17.1 2.2 0.0 2.0 6.2 330.0 
Auzeville 2010 3 16 75 -3.2 17.6 19.9 2.0 0.0 0.9 6.0 330.0 
Auzeville 2010 3 17 76 -1.0 18.5 19.3 2.9 0.0 4.1 7.0 330.0 
Auzeville 2010 3 18 77 8.3 14.2 11.4 2.8 0.0 6.2 9.9 330.0 
Auzeville 2010 3 19 78 10.1 15.7 14.4 3.1 0.0 7.1 12.0 330.0 
Auzeville 2010 3 20 79 11.1 16.0 12.3 2.9 0.0 6.5 12.9 330.0 
Auzeville 2010 3 21 80 11.3 16.4 5.2 1.4 5.5 2.0 13.8 330.0 
Auzeville 2010 3 22 81 10.6 14.1 4.9 1.0 2.0 1.0 13.2 330.0 
Auzeville 2010 3 23 82 4.2 20.2 19.0 2.5 0.0 2.4 11.5 330.0 
Auzeville 2010 3 24 83 11.1 17.6 17.5 3.9 0.0 7.2 12.9 330.0 
Auzeville 2010 3 25 84 11.5 17.0 13.1 3.2 6.5 5.3 12.2 330.0 
Auzeville 2010 3 26 85 8.6 18.4 20.8 3.2 0.0 1.8 9.7 330.0 
Auzeville 2010 3 27 86 6.3 14.5 9.3 2.1 0.5 3.3 8.7 330.0 
Auzeville 2010 3 28 87 8.0 18.1 18.4 2.6 0.0 1.0 10.2 330.0 
Auzeville 2010 3 29 88 7.9 18.0 19.4 3.4 2.5 5.0 11.3 330.0 
Auzeville 2010 3 30 89 6.3 13.6 12.2 2.2 3.5 3.6 9.5 330.0 
Auzeville 2010 3 31 90 8.2 15.6 17.6 3.2 5.0 2.8 9.3 330.0 
Auzeville 2010 4 1 91 4.0 13.0 16.5 2.4 0.0 2.4 8.2 330.0 
Auzeville 2010 4 2 92 2.8 18.8 20.9 3.0 0.5 1.7 8.5 330.0 
Auzeville 2010 4 3 93 7.2 15.4 9.4 2.1 4.0 3.4 10.6 330.0 
Auzeville 2010 4 4 94 7.2 12.5 13.4 2.3 7.0 3.0 9.8 330.0 
Auzeville 2010 4 5 95 1.7 15.4 22.4 2.6 0.5 1.2 8.3 330.0 
Auzeville 2010 4 6 96 3.4 17.0 19.8 3.4 0.0 5.2 8.8 330.0 
Auzeville 2010 4 7 97 9.5 12.2 3.2 0.9 2.0 2.6 11.3 330.0 
Auzeville 2010 4 8 98 8.1 15.2 14.1 2.8 0.0 2.9 10.0 330.0 
Auzeville 2010 4 9 99 7.0 19.3 22.8 3.2 0.0 1.1 10.3 330.0 
Auzeville 2010 4 10 100 4.5 21.5 23.7 3.3 0.0 1.2 9.9 330.0 
Auzeville 2010 4 11 101 7.4 19.4 21.8 3.5 0.0 1.9 9.2 330.0 
Auzeville 2010 4 12 102 6.0 15.9 14.1 2.7 0.0 1.5 7.6 330.0 
Auzeville 2010 4 13 103 0.8 15.6 22.5 2.9 0.0 1.2 6.5 330.0 
Auzeville 2010 4 14 104 1.5 17.1 23.9 3.1 0.0 1.1 7.0 330.0 
Auzeville 2010 4 15 105 1.0 19.5 18.9 2.8 0.0 1.2 7.5 330.0 
Auzeville 2010 4 16 106 2.5 18.2 24.1 3.2 0.0 1.1 8.2 330.0 
Auzeville 2010 4 17 107 2.5 21.4 25.1 4.0 0.0 2.4 8.4 330.0 
Auzeville 2010 4 18 108 4.0 20.7 24.8 3.8 0.0 2.6 9.8 330.0 
Auzeville 2010 4 19 109 5.9 22.7 21.4 3.5 0.0 1.5 11.6 330.0 
Auzeville 2010 4 20 110 6.8 22.0 25.4 3.9 0.5 1.3 11.0 330.0 
Auzeville 2010 4 21 111 6.8 25.3 24.2 3.9 0.0 1.0 10.9 330.0 
Auzeville 2010 4 22 112 10.9 20.7 17.7 3.6 0.0 3.0 12.9 330.0 
Auzeville 2010 4 23 113 13.5 17.0 5.3 1.5 0.0 1.9 14.2 330.0 
Auzeville 2010 4 24 114 12.6 21.8 13.5 2.8 0.0 1.0 15.7 330.0 
Auzeville 2010 4 25 115 7.1 24.2 22.5 3.7 0.0 1.5 12.4 330.0 
Auzeville 2010 4 26 116 12.9 23.7 21.5 4.1 0.0 1.4 13.7 330.0 
Auzeville 2010 4 27 117 6.3 25.4 27.0 4.4 0.0 1.2 10.1 330.0 
Auzeville 2010 4 28 118 6.5 26.8 27.2 5.1 0.0 2.7 10.8 330.0 
Auzeville 2010 4 29 119 14.5 23.9 22.9 5.4 7.0 4.3 15.1 330.0 
Auzeville 2010 4 30 120 13.2 19.3 9.1 2.0 9.5 1.3 15.5 330.0 
Auzeville 2010 5 1 121 12.9 15.9 5.4 1.1 17.5 1.8 15.4 330.0 
Auzeville 2010 5 2 122 10.6 15.6 12.8 2.5 1.5 2.2 12.2 330.0 
Auzeville 2010 5 3 123 8.9 14.2 9.8 2.4 5.5 2.6 10.3 330.0 
Auzeville 2010 5 4 124 4.0 6.9 2.6 0.6 46.0 4.4 8.0 330.0 
Auzeville 2010 5 5 125 3.2 7.2 2.9 0.4 14.5 3.4 8.0 330.0 
Auzeville 2010 5 6 126 3.2 11.3 7.4 1.3 0.0 1.8 8.6 330.0 
Auzeville 2010 5 7 127 3.1 17.2 26.4 3.6 0.0 1.4 8.8 330.0 
Auzeville 2010 5 8 128 8.5 20.7 21.6 3.6 1.5 1.3 12.6 330.0 
Auzeville 2010 5 9 129 12.1 20.2 12.8 2.8 2.0 2.8 15.8 330.0 
Auzeville 2010 5 10 130 9.4 22.2 25.1 4.2 10.5 1.4 13.8 330.0 
Auzeville 2010 5 11 131 10.2 20.1 23.0 4.0 1.0 1.9 12.6 330.0 
Auzeville 2010 5 12 132 10.6 17.4 13.2 2.6 10.5 1.6 13.1 330.0 
Auzeville 2010 5 13 133 8.9 12.3 10.1 2.0 2.5 2.1 10.9 330.0 
Auzeville 2010 5 14 134 6.4 14.7 15.1 2.8 0.0 2.3 9.0 330.0 
Auzeville 2010 5 15 135 8.2 16.1 17.7 3.7 0.5 3.3 9.6 330.0 
Auzeville 2010 5 16 136 8.8 16.5 18.2 3.7 0.0 3.2 10.5 330.0 
Auzeville 2010 5 17 137 9.6 18.8 18.5 3.8 0.0 2.6 10.8 330.0 
Auzeville 2010 5 18 138 9.0 20.7 28.5 5.1 0.0 2.5 10.3 330.0 
Auzeville 2010 5 19 139 11.7 20.9 20.2 4.9 0.5 3.4 11.3 330.0 
Auzeville 2010 5 20 140 10.6 22.9 29.3 5.6 0.0 2.5 10.5 330.0 
Auzeville 2010 5 21 141 9.4 26.1 29.4 5.2 0.0 1.3 12.4 330.0 
Auzeville 2010 5 22 142 10.9 26.8 29.7 5.4 0.0 1.2 13.7 330.0 
Auzeville 2010 5 23 143 11.8 26.9 27.5 5.5 0.0 1.9 13.0 330.0 
Auzeville 2010 5 24 144 10.1 28.6 30.4 6.1 0.0 2.4 12.1 330.0 
Auzeville 2010 5 25 145 12.6 28.4 27.6 6.1 0.5 3.1 14.7 330.0 
Auzeville 2010 5 26 146 13.2 25.4 20.0 4.4 2.5 2.2 16.1 330.0 
Auzeville 2010 5 27 147 13.0 22.8 17.8 3.6 0.5 1.2 15.0 330.0 
Auzeville 2010 5 28 148 14.0 18.8 8.3 2.2 0.0 1.6 14.3 330.0 
Auzeville 2010 5 29 149 12.9 21.8 22.5 4.6 0.0 2.2 13.1 330.0 
Auzeville 2010 5 30 150 16.8 21.2 13.9 3.7 0.5 3.6 16.9 330.0 
Auzeville 2010 5 31 151 15.6 23.6 14.5 4.3 0.0 4.5 16.9 330.0 
Auzeville 2010 6 1 152 15.2 21.5 14.1 3.5 0.5 2.7 16.2 330.0 
Auzeville 2010 6 2 153 15.6 23.7 22.5 5.3 0.0 2.7 14.9 330.0 
Auzeville 2010 6 3 154 10.8 26.2 30.1 5.6 0.0 1.5 12.6 330.0 
Auzeville 2010 6 4 155 14.7 28.4 29.6 6.1 0.0 1.8 14.9 330.0 
Auzeville 2010 6 5 156 16.4 31.0 29.1 6.3 3.0 1.5 18.2 330.0 
Auzeville 2010 6 6 157 16.5 19.6 5.8 1.6 4.0 1.6 18.0 330.0 
Auzeville 2010 6 7 158 13.9 26.7 26.1 5.0 0.0 0.9 16.7 330.0 
Auzeville 2010 6 8 159 15.5 21.0 6.2 1.5 9.5 1.4 19.1 330.0 
Auzeville 2010 6 9 160 16.2 22.3 7.6 2.1 4.0 2.9 20.1 330.0 
Auzeville 2010 6 10 161 18.9 29.3 28.5 7.7 0.0 4.2 19.8 330.0 
Auzeville 2010 6 11 162 14.2 25.9 16.2 3.7 26.5 1.3 20.2 330.0 
Auzeville 2010 6 12 163 11.2 25.4 23.7 4.4 0.0 1.2 16.4 330.0 
Auzeville 2010 6 13 164 15.9 25.1 15.9 3.8 4.5 2.1 19.8 330.0 
Auzeville 2010 6 14 165 13.5 15.6 3.8 0.9 15.5 1.6 15.4 330.0 
Auzeville 2010 6 15 166 11.4 19.2 12.5 2.6 0.0 1.6 14.1 330.0 
Auzeville 2010 6 16 167 12.7 23.1 15.2 3.3 39.0 1.4 17.0 330.0 
Auzeville 2010 6 17 168 11.2 20.5 20.1 3.6 0.0 1.7 14.6 330.0 
Auzeville 2010 6 18 169 13.6 21.0 10.9 2.6 2.0 1.6 16.2 330.0 
Auzeville 2010 6 19 170 14.8 17.4 5.5 1.6 29.0 3.0 16.6 330.0 
Auzeville 2010 6 20 171 10.4 17.3 19.2 4.2 0.5 3.5 10.9 330.0 
Auzeville 2010 6 21 172 10.9 19.6 21.2 4.5 0.0 2.6 10.6 330.0 
Auzeville 2010 6 22 173 8.7 22.6 31.0 5.3 0.0 1.7 10.5 330.0 
Auzeville 2010 6 23 174 10.2 25.9 30.9 5.5 0.0 1.1 12.6 330.0 
Auzeville 2010 6 24 175 10.8 28.9 30.2 5.6 0.0 0.9 14.8 330.0 
Auzeville 2010 6 25 176 12.2 30.8 30.3 5.8 0.0 0.7 16.1 330.0 
Auzeville 2010 6 26 177 13.8 32.4 29.4 5.9 0.0 0.7 17.8 330.0 
Auzeville 2010 6 27 178 17.2 31.2 24.5 5.4 0.0 1.0 21.1 330.0 
Auzeville 2010 6 28 179 18.5 30.0 25.7 5.8 4.5 1.6 20.9 330.0 
Auzeville 2010 6 29 180 19.2 29.4 20.4 4.9 0.0 1.6 22.8 330.0 
Auzeville 2010 6 30 181 19.3 30.6 27.2 6.1 0.0 1.4 21.8 330.0 
Auzeville 2010 7 1 182 17.2 34.9 29.5 6.7 0.0 1.4 20.6 330.0 
Auzeville 2010 7 2 183 19.6 31.6 25.9 6.8 0.0 3.0 20.7 330.0 
Auzeville 2010 7 3 184 20.7 26.6 9.7 2.8 0.0 1.5 23.9 330.0 
Auzeville 2010 7 4 185 21.2 29.4 20.3 5.2 0.0 2.0 23.2 330.0 
Auzeville 2010 7 5 186 18.4 26.9 26.2 6.1 0.0 2.7 17.6 330.0 
Auzeville 2010 7 6 187 17.9 27.8 28.6 6.4 0.0 2.2 17.3 330.0 
Auzeville 2010 7 7 188 13.7 32.5 30.2 6.0 0.0 0.7 17.2 330.0 
Auzeville 2010 7 8 189 14.4 35.4 27.5 7.1 0.0 2.9 16.7 330.0 
Auzeville 2010 7 9 190 23.4 28.1 11.7 4.1 0.5 2.6 23.5 330.0 
Auzeville 2010 7 10 191 19.6 31.3 25.5 5.7 0.0 1.0 22.1 330.0 
Auzeville 2010 7 11 192 17.7 34.6 23.3 5.3 0.0 0.7 24.1 330.0 
Auzeville 2010 7 12 193 19.9 28.7 17.0 4.2 0.0 1.6 23.1 330.0 
Auzeville 2010 7 13 194 19.9 32.0 22.2 5.4 0.0 1.4 23.1 330.0 
Auzeville 2010 7 14 195 21.9 30.0 14.4 4.9 0.0 3.2 23.8 330.0 
Auzeville 2010 7 15 196 18.9 28.8 25.6 5.6 0.0 1.1 17.4 330.0 
Auzeville 2010 7 16 197 14.0 31.3 28.4 6.2 0.0 2.1 15.9 330.0 
Auzeville 2010 7 17 198 18.6 23.1 13.2 3.9 0.0 2.4 15.8 330.0 
Auzeville 2010 7 18 199 13.5 29.3 29.6 5.8 0.0 1.2 14.0 330.0 
Auzeville 2010 7 19 200 12.2 31.8 29.3 6.0 0.0 1.5 12.7 330.0 
Auzeville 2010 7 20 201 16.7 32.3 26.7 5.8 3.5 1.1 16.9 330.0 
Auzeville 2010 7 21 202 17.8 22.4 7.0 2.1 9.0 1.4 18.1 330.0 
Auzeville 2010 7 22 203 16.3 20.6 8.6 2.1 14.5 1.6 18.9 330.0 
Auzeville 2010 7 23 204 16.1 24.8 19.3 4.6 0.0 2.4 17.1 330.0 
Auzeville 2010 7 24 205 13.9 24.5 22.0 4.7 0.0 2.2 14.5 330.0 
Auzeville 2010 7 25 206 16.1 24.3 18.1 4.5 0.0 3.1 16.8 330.0 
Auzeville 2010 7 26 207 17.5 25.7 15.0 4.1 0.0 2.8 18.6 330.0 
Auzeville 2010 7 27 208 17.0 29.1 25.2 5.5 0.0 1.7 18.6 330.0 
Auzeville 2010 7 28 209 14.8 30.8 27.1 5.6 0.0 1.4 17.8 330.0 
Auzeville 2010 7 29 210 19.1 25.6 16.7 4.6 0.0 3.1 18.4 330.0 
Auzeville 2010 7 30 211 15.9 26.6 25.8 5.5 0.0 2.1 15.9 330.0 
Auzeville 2010 7 31 212 14.2 32.3 27.3 5.5 0.0 0.9 16.0 330.0 
Auzeville 2010 8 1 213 17.7 22.8 7.3 1.9 13.0 1.0 20.2 330.0 
Auzeville 2010 8 2 214 16.9 19.7 4.6 1.1 6.0 1.6 19.5 330.0 
Auzeville 2010 8 3 215 16.3 25.8 20.0 4.6 0.0 2.5 18.2 330.0 
Auzeville 2010 8 4 216 17.3 24.4 13.9 3.7 0.5 2.5 17.5 330.0 
Auzeville 2010 8 5 217 17.3 23.4 23.2 5.7 0.0 3.7 15.0 330.0 
Auzeville 2010 8 6 218 12.6 25.0 27.4 5.1 0.0 1.6 13.2 330.0 
Auzeville 2010 8 7 219 11.6 30.5 27.0 5.1 0.0 0.9 15.5 330.0 
Auzeville 2010 8 8 220 16.6 29.1 25.3 5.2 0.0 1.3 18.4 330.0 
Auzeville 2010 8 9 221 15.9 26.8 16.9 3.8 0.0 1.8 18.5 330.0 
Auzeville 2010 8 10 222 15.1 28.9 25.5 5.0 0.0 1.1 16.6 330.0 
Auzeville 2010 8 11 223 16.9 27.0 22.2 5.0 0.5 2.2 16.6 330.0 
Auzeville 2010 8 12 224 18.9 25.4 15.4 4.2 0.0 2.6 18.7 330.0 
Auzeville 2010 8 13 225 15.4 23.7 16.7 4.1 0.0 2.1 13.0 330.0 
Auzeville 2010 8 14 226 15.3 24.0 17.8 4.5 0.0 2.7 13.7 330.0 
Auzeville 2010 8 15 227 15.2 23.7 19.5 4.3 2.0 2.0 15.4 330.0 
Auzeville 2010 8 16 228 12.9 24.8 24.6 4.6 0.0 1.6 14.4 330.0 
Auzeville 2010 8 17 229 10.4 28.9 25.4 4.5 0.0 0.9 14.2 330.0 
Auzeville 2010 8 18 230 15.5 27.8 21.0 4.4 0.0 1.3 17.3 330.0 
Auzeville 2010 8 19 231 14.8 30.7 18.0 4.0 1.0 1.4 19.4 330.0 
Auzeville 2010 8 20 232 20.1 33.3 23.3 5.2 0.0 0.9 23.8 330.0 
Auzeville 2010 8 21 233 17.8 36.2 24.3 5.3 0.0 0.7 21.7 330.0 
Auzeville 2010 8 22 234 18.6 37.1 23.7 6.2 0.0 2.2 18.7 330.0 
Auzeville 2010 8 23 235 20.7 30.3 18.2 4.4 0.0 1.4 22.2 330.0 
Auzeville 2010 8 24 236 19.7 25.6 12.9 3.5 0.5 1.8 19.5 330.0 
Auzeville 2010 8 25 237 13.0 32.7 23.3 4.5 0.0 0.8 17.3 330.0 
Auzeville 2010 8 26 238 17.1 38.6 23.2 6.5 0.5 2.8 18.4 330.0 
Auzeville 2010 8 27 239 18.8 32.4 20.1 5.6 0.0 3.0 20.3 330.0 
Auzeville 2010 8 28 240 18.5 25.0 20.4 5.4 0.0 3.3 14.3 330.0 
Auzeville 2010 8 29 241 12.6 25.7 24.3 4.8 0.0 2.1 10.9 330.0 
Auzeville 2010 8 30 242 13.2 23.9 21.1 4.7 0.0 2.6 10.9 330.0 
Auzeville 2010 8 31 243 7.4 26.7 24.5 4.0 0.0 1.1 9.3 330.0 
Auzeville 2010 9 1 244 9.4 28.5 22.6 5.1 0.0 3.1 10.9 330.0 
Auzeville 2010 9 2 245 16.7 28.3 18.9 4.4 0.0 2.2 18.0 330.0 
Auzeville 2010 9 3 246 17.2 28.8 21.6 4.5 0.0 1.3 17.1 330.0 
Auzeville 2010 9 4 247 14.6 27.5 18.7 3.8 0.0 1.1 15.0 330.0 
Auzeville 2010 9 5 248 10.4 33.7 22.5 4.2 0.0 0.9 13.8 330.0 
Auzeville 2010 9 6 249 16.3 28.3 10.1 3.1 2.5 2.7 19.9 330.0 
Auzeville 2010 9 7 250 17.2 24.6 7.6 2.4 0.5 1.7 19.0 330.0 
Auzeville 2010 9 8 251 14.4 24.0 17.7 4.1 2.0 2.8 13.8 330.0 
Auzeville 2010 9 9 252 14.9 23.7 16.8 3.8 0.5 3.0 15.4 330.0 
Auzeville 2010 9 10 253 15.0 24.8 20.0 3.8 0.0 1.5 15.8 330.0 
Auzeville 2010 9 11 254 9.8 29.9 20.4 3.8 0.0 1.2 13.0 330.0 
Auzeville 2010 9 12 255 14.1 26.0 14.1 3.4 0.0 2.5 15.5 330.0 
Auzeville 2010 9 13 256 14.2 24.4 20.8 4.3 0.0 2.5 13.0 330.0 
Auzeville 2010 9 14 257 9.6 26.4 20.7 3.5 0.0 1.2 11.8 330.0 
Auzeville 2010 9 15 258 10.5 29.1 19.8 3.4 0.0 0.9 13.2 330.0 
Auzeville 2010 9 16 259 13.5 17.5 3.7 0.9 2.5 0.8 14.8 330.0 
Auzeville 2010 9 17 260 15.2 20.9 8.9 2.1 4.5 1.4 16.6 330.0 
Auzeville 2010 9 18 261 13.5 21.0 9.3 2.5 0.0 2.0 14.2 330.0 
Auzeville 2010 9 19 262 7.3 22.1 20.0 2.9 0.0 1.1 10.7 330.0 
Auzeville 2010 9 20 263 5.8 26.8 18.4 3.4 0.0 2.9 12.2 330.0 
Auzeville 2010 9 21 264 17.7 23.0 6.7 2.7 0.0 3.3 17.9 330.0 
Auzeville 2010 9 22 265 11.3 29.5 18.3 3.8 0.0 2.2 15.1 330.0 
Auzeville 2010 9 23 266 16.8 23.6 10.9 2.8 17.0 3.0 18.2 330.0 
Auzeville 2010 9 24 267 14.7 20.6 9.1 2.3 6.5 2.7 16.9 330.0 
Auzeville 2010 9 25 268 13.5 19.0 12.2 3.0 0.0 3.6 13.7 330.0 
Auzeville 2010 9 26 269 9.1 16.5 15.1 2.9 0.0 2.8 9.0 330.0 
Auzeville 2010 9 27 270 6.8 18.2 17.1 2.5 0.0 1.8 9.4 330.0 
Auzeville 2010 9 28 271 9.0 19.3 16.6 2.5 0.0 1.6 10.8 330.0 
Auzeville 2010 9 29 272 6.1 21.9 17.4 2.2 0.0 0.8 11.5 330.0 
Auzeville 2010 9 30 273 8.4 17.2 6.2 1.2 0.5 1.3 12.0 330.0 
Auzeville 2010 10 1 274 8.1 23.5 13.1 2.2 0.0 1.0 12.6 330.0 
Auzeville 2010 10 2 275 14.2 21.8 13.8 3.6 0.0 6.1 15.1 330.0 
Auzeville 2010 10 3 276 17.9 25.4 14.1 4.4 0.0 7.1 19.1 330.0 
Auzeville 2010 10 4 277 14.2 20.7 6.0 2.2 3.5 4.1 15.5 330.0 
Auzeville 2010 10 5 278 10.0 22.7 16.5 2.3 0.0 1.3 12.8 330.0 
Auzeville 2010 10 6 279 15.0 24.3 15.6 3.3 0.0 3.5 16.9 330.0 
Auzeville 2010 10 7 280 15.2 24.2 15.7 4.0 0.0 6.4 16.3 330.0 
Auzeville 2010 10 8 281 17.5 24.4 13.2 4.0 0.0 6.5 18.8 330.0 
Auzeville 2010 10 9 282 17.4 22.5 11.8 3.5 6.0 6.8 18.9 330.0 
Auzeville 2010 10 10 283 14.3 17.6 1.1 0.4 62.5 2.9 17.0 330.0 
Auzeville 2010 10 11 284 13.6 17.6 7.0 1.7 1.5 3.8 15.2 330.0 
Auzeville 2010 10 12 285 13.2 21.8 9.8 2.0 0.0 1.5 14.0 330.0 
Auzeville 2010 10 13 286 14.1 20.8 13.7 2.3 0.0 2.0 14.5 330.0 
Auzeville 2010 10 14 287 12.2 17.7 13.1 2.3 0.0 2.6 12.2 330.0 
Auzeville 2010 10 15 288 6.7 15.1 12.0 1.6 0.0 2.3 10.7 330.0 
Auzeville 2010 10 16 289 6.0 12.0 4.2 0.9 0.0 2.2 9.5 330.0 
Auzeville 2010 10 17 290 8.1 12.5 9.9 2.2 0.0 4.0 8.9 330.0 
Auzeville 2010 10 18 291 6.1 10.3 10.0 1.8 0.0 3.3 7.9 330.0 
Auzeville 2010 10 19 292 4.6 16.4 11.0 1.7 0.0 2.4 8.1 330.0 
Auzeville 2010 10 20 293 10.1 15.5 6.6 1.6 0.0 2.1 10.9 330.0 
Auzeville 2010 10 21 294 1.4 15.4 13.3 1.1 0.5 0.6 8.0 330.0 
Auzeville 2010 10 22 295 2.5 17.8 12.6 1.6 0.0 3.6 8.2 330.0 
Auzeville 2010 10 23 296 9.0 18.9 11.6 1.3 0.5 0.9 12.1 330.0 
Auzeville 2010 10 24 297 10.3 14.5 2.1 0.6 9.5 2.1 13.1 330.0 
Auzeville 2010 10 25 298 7.5 10.9 9.7 2.0 0.0 4.8 8.4 330.0 
Auzeville 2010 10 26 299 3.7 12.7 13.1 1.5 0.0 2.3 7.2 330.0 
Auzeville 2010 10 27 300 -0.9 16.9 12.1 0.9 0.0 0.5 7.8 330.0 
Auzeville 2010 10 28 301 2.8 19.4 11.8 1.0 0.0 0.6 10.2 330.0 
Auzeville 2010 10 29 302 6.2 18.2 8.5 1.2 0.0 6.5 10.8 330.0 
Auzeville 2010 10 30 303 10.2 16.4 7.4 1.3 0.0 1.9 11.4 330.0 
Auzeville 2010 10 31 304 10.0 16.3 4.1 1.2 6.0 1.9 12.4 330.0 
Auzeville 2010 11 1 305 10.8 13.8 3.5 0.8 5.0 2.9 13.0 330.0 
Auzeville 2010 11 2 306 10.6 16.3 9.0 1.3 0.0 2.4 11.9 330.0 
Auzeville 2010 11 3 307 12.1 16.7 4.0 0.8 1.0 1.3 14.3 330.0 
Auzeville 2010 11 4 308 9.7 17.7 9.3 0.7 0.5 0.9 14.3 330.0 
Auzeville 2010 11 5 309 14.1 16.9 3.6 0.8 0.0 0.8 15.7 330.0 
Auzeville 2010 11 6 310 10.9 16.6 3.9 0.7 0.0 1.1 14.0 330.0 
Auzeville 2010 11 7 311 8.6 12.9 5.1 1.0 6.0 2.7 10.8 330.0 
Auzeville 2010 11 8 312 5.6 12.0 2.5 0.9 5.0 2.8 9.2 330.0 
Auzeville 2010 11 9 313 8.3 14.5 5.2 1.1 1.0 1.8 9.8 330.0 
Auzeville 2010 11 10 314 7.9 12.0 3.9 1.2 8.5 3.3 9.8 330.0 
Auzeville 2010 11 11 315 3.2 15.9 6.5 0.7 0.5 1.3 9.2 330.0 
Auzeville 2010 11 12 316 11.6 18.3 4.8 1.1 0.5 2.1 13.6 330.0 
Auzeville 2010 11 13 317 5.1 19.1 9.6 0.7 0.5 2.6 12.0 330.0 
Auzeville 2010 11 14 318 13.2 20.3 7.9 1.7 1.0 3.1 15.2 330.0 
Auzeville 2010 11 15 319 8.3 13.6 5.0 0.8 5.5 1.7 11.1 330.0 
Auzeville 2010 11 16 320 7.0 12.0 6.8 1.0 0.0 2.9 9.8 330.0 
Auzeville 2010 11 17 321 -0.5 9.3 2.5 0.3 7.5 1.4 7.8 330.0 
Auzeville 2010 11 18 322 7.1 12.4 5.4 0.9 0.0 2.3 9.3 330.0 
Auzeville 2010 11 19 323 3.4 12.3 5.2 0.5 0.0 1.6 8.8 330.0 
Auzeville 2010 11 20 324 6.6 12.9 4.7 0.7 1.5 2.1 10.6 330.0 
Auzeville 2010 11 21 325 3.3 12.2 3.8 0.4 11.0 1.4 9.8 330.0 
Auzeville 2010 11 22 326 7.2 9.5 3.0 0.8 2.0 2.6 9.4 330.0 
Auzeville 2010 11 23 327 5.9 9.6 3.8 0.7 0.0 2.1 9.1 330.0 
Auzeville 2010 11 24 328 -0.6 8.6 6.2 0.2 0.0 0.7 7.5 330.0 
Auzeville 2010 11 25 329 0.5 8.7 2.8 0.4 4.5 2.2 7.4 330.0 
Auzeville 2010 11 26 330 1.4 6.8 6.5 0.5 0.0 2.1 6.7 330.0 
Auzeville 2010 11 27 331 -1.4 7.9 3.6 0.5 0.5 2.0 6.4 330.0 
Auzeville 2010 11 28 332 -2.4 8.5 6.5 0.3 0.5 1.7 6.2 330.0 
Auzeville 2010 11 29 333 -2.3 8.5 7.6 0.2 0.0 1.1 6.1 330.0 
Auzeville 2010 11 30 334 0.9 9.2 4.2 0.6 0.0 2.9 7.0 330.0 
Auzeville 2010 12 1 335 0.9 5.7 2.0 0.5 0.0 1.8 6.8 330.0 
Auzeville 2010 12 2 336 -2.6 7.0 5.8 0.2 0.5 0.9 6.0 330.0 
Auzeville 2010 12 3 337 -0.8 4.3 4.2 0.4 1.0 2.4 5.6 330.0 
Auzeville 2010 12 4 338 -1.9 8.0 7.8 0.1 0.0 1.4 6.3 330.0 
Auzeville 2010 12 5 339 1.1 11.4 2.4 1.0 0.5 4.4 6.5 330.0 
Auzeville 2010 12 6 340 9.9 15.0 3.5 1.1 0.5 4.1 12.0 330.0 
Auzeville 2010 12 7 341 9.2 15.0 5.5 0.4 0.0 4.3 12.8 330.0 
Auzeville 2010 12 8 342 11.3 17.6 6.0 0.8 0.0 3.2 13.8 330.0 
Auzeville 2010 12 9 343 4.9 6.5 2.6 0.8 0.0 2.9 7.3 330.0 
Auzeville 2010 12 10 344 -3.4 6.6 8.4 0.0 0.0 0.8 5.4 330.0 
Auzeville 2010 12 11 345 -4.6 10.9 8.0 0.0 0.5 0.5 6.0 330.0 
Auzeville 2010 12 12 346 -3.1 11.3 6.0 0.2 0.0 0.8 6.7 330.0 
Auzeville 2010 12 13 347 -4.2 6.4 7.4 0.0 0.0 0.9 5.4 330.0 
Auzeville 2010 12 14 348 -5.1 5.6 8.2 0.2 0.5 2.2 4.6 330.0 
Auzeville 2010 12 15 349 -2.9 0.6 3.9 0.7 0.0 3.5 4.1 330.0 
Auzeville 2010 12 16 350 -3.1 7.2 1.8 1.0 0.0 3.5 5.1 330.0 
Auzeville 2010 12 17 351 2.4 7.7 1.5 0.8 3.5 2.7 7.1 330.0 
Auzeville 2010 12 18 352 -3.9 6.4 6.2 0.0 0.5 1.2 5.9 330.0 
Auzeville 2010 12 19 353 -2.1 9.8 3.8 0.1 0.0 1.6 7.4 330.0 
Auzeville 2010 12 20 354 2.7 12.0 6.4 0.2 0.5 2.7 9.1 330.0 
Auzeville 2010 12 21 355 5.6 12.5 4.0 0.5 0.0 3.0 9.9 330.0 
Auzeville 2010 12 22 356 2.4 14.9 3.4 0.0 0.0 3.0 9.9 330.0 
Auzeville 2010 12 23 357 6.1 9.8 1.4 0.4 18.0 3.2 9.8 330.0 
Auzeville 2010 12 24 358 0.7 4.2 2.2 0.7 0.5 4.3 6.0 330.0 
Auzeville 2010 12 25 359 -0.7 0.8 1.7 0.9 0.0 4.3 4.4 330.0 
Auzeville 2010 12 26 360 -5.3 2.3 7.7 0.2 0.0 1.5 3.9 330.0 
Auzeville 2010 12 27 361 -7.3 6.1 6.8 0.5 0.0 3.6 4.0 330.0 
Auzeville 2010 12 28 362 2.2 11.3 5.2 0.5 0.0 2.4 8.0 330.0 
Auzeville 2010 12 29 363 4.7 10.5 4.0 0.5 0.0 4.7 9.1 330.0 
Auzeville 2010 12 30 364 7.9 12.8 4.2 1.0 0.0 5.6 10.2 330.0 
Auzeville 2010 12 31 365 9.4 13.5 6.4 0.8 0.0 3.6 11.3 330.0 