Auzeville 2009 1 1 1 8.4 11.5 2.8 0.4 0.0 1.6 11.1 330.0 
Auzeville 2009 1 2 2 5.8 11.4 3.9 0.5 0.5 1.0 9.4 330.0 
Auzeville 2009 1 3 3 1.7 5.8 2.4 0.2 0.0 0.7 7.6 330.0 
Auzeville 2009 1 4 4 1.0 6.0 3.4 0.3 0.0 1.2 6.7 330.0 
Auzeville 2009 1 5 5 -0.6 5.5 2.2 0.4 0.0 1.1 6.0 330.0 
Auzeville 2009 1 6 6 -0.3 2.6 2.3 0.6 0.5 2.1 5.3 330.0 
Auzeville 2009 1 7 7 -3.5 -0.9 4.6 0.4 0.0 2.9 4.2 330.0 
Auzeville 2009 1 8 8 -4.0 -0.5 4.9 0.2 0.5 0.7 4.3 330.0 
Auzeville 2009 1 9 9 -5.4 2.5 1.8 0.1 5.0 0.6 5.1 330.0 
Auzeville 2009 1 10 10 -0.1 7.3 3.5 0.2 0.0 0.9 7.3 330.0 
Auzeville 2009 1 11 11 -0.7 8.4 7.3 0.1 0.5 1.0 7.5 330.0 
Auzeville 2009 1 12 12 -1.9 2.1 3.3 0.1 0.0 1.1 6.0 330.0 
Auzeville 2009 1 13 13 -2.9 7.5 6.2 0.1 0.0 1.1 6.2 330.0 
Auzeville 2009 1 14 14 4.6 9.6 5.2 0.6 0.0 1.9 8.8 330.0 
Auzeville 2009 1 15 15 -1.7 10.4 8.8 0.4 0.5 2.7 6.5 330.0 
Auzeville 2009 1 16 16 4.7 12.1 8.5 0.6 0.0 2.6 8.9 330.0 
Auzeville 2009 1 17 17 1.5 10.5 5.4 0.3 0.0 0.8 8.3 330.0 
Auzeville 2009 1 18 18 0.2 13.1 4.0 0.3 1.5 2.0 8.5 330.0 
Auzeville 2009 1 19 19 7.8 11.3 2.0 0.8 13.5 3.2 10.4 330.0 
Auzeville 2009 1 20 20 3.0 10.2 7.6 0.5 0.5 1.8 7.8 330.0 
Auzeville 2009 1 21 21 1.7 7.1 6.3 0.5 0.0 2.6 6.6 330.0 
Auzeville 2009 1 22 22 0.3 7.9 3.3 0.4 27.0 2.5 7.3 330.0 
Auzeville 2009 1 23 23 5.8 14.5 2.2 0.7 14.0 3.4 11.0 330.0 
Auzeville 2009 1 24 24 7.0 10.8 2.4 2.0 1.0 6.0 8.4 330.0 
Auzeville 2009 1 25 25 0.4 11.4 8.6 0.5 11.5 2.3 7.6 330.0 
Auzeville 2009 1 26 26 2.9 8.6 5.1 0.6 1.5 3.1 7.9 330.0 
Auzeville 2009 1 27 27 5.8 9.2 4.2 1.0 0.0 3.0 8.6 330.0 
Auzeville 2009 1 28 28 2.8 7.0 3.3 0.3 14.0 0.9 8.2 330.0 
Auzeville 2009 1 29 29 5.0 11.7 6.8 0.5 0.0 0.7 10.0 330.0 
Auzeville 2009 1 30 30 0.3 10.0 9.0 0.4 0.0 4.1 7.7 330.0 
Auzeville 2009 1 31 31 6.9 12.6 3.0 0.6 3.0 3.8 10.9 330.0 
Auzeville 2009 2 1 32 7.8 11.0 4.6 1.2 0.0 6.1 9.9 330.0 
Auzeville 2009 2 2 33 6.3 11.5 5.2 0.9 4.5 2.3 8.9 330.0 
Auzeville 2009 2 3 34 2.5 8.3 8.1 0.9 0.0 1.7 6.3 330.0 
Auzeville 2009 2 4 35 0.5 11.7 11.3 1.0 0.0 4.8 7.2 330.0 
Auzeville 2009 2 5 36 3.3 13.1 6.3 0.7 0.5 1.4 9.3 330.0 
Auzeville 2009 2 6 37 0.3 9.8 6.3 0.6 10.0 2.0 7.9 330.0 
Auzeville 2009 2 7 38 2.8 7.5 6.8 1.3 1.5 3.9 6.6 330.0 
Auzeville 2009 2 8 39 1.1 9.2 8.1 1.0 0.0 2.6 6.6 330.0 
Auzeville 2009 2 9 40 4.4 16.9 7.9 1.0 0.5 2.0 9.7 330.0 
Auzeville 2009 2 10 41 6.1 10.7 4.7 1.4 6.0 4.1 8.4 330.0 
Auzeville 2009 2 11 42 2.3 5.2 2.8 0.6 8.0 2.5 7.1 330.0 
Auzeville 2009 2 12 43 1.2 8.6 4.4 1.0 1.5 3.0 7.1 330.0 
Auzeville 2009 2 13 44 -0.5 7.1 9.0 1.1 0.5 2.3 4.9 330.0 
Auzeville 2009 2 14 45 4.5 8.1 10.2 1.4 0.0 2.7 6.9 330.0 
Auzeville 2009 2 15 46 -3.6 7.7 13.7 0.8 0.0 0.9 4.7 330.0 
Auzeville 2009 2 16 47 -4.4 8.0 10.6 0.8 0.0 1.0 4.9 330.0 
Auzeville 2009 2 17 48 0.0 10.9 10.6 1.2 0.0 2.2 5.8 330.0 
Auzeville 2009 2 18 49 6.1 10.6 6.2 1.4 0.0 3.1 8.1 330.0 
Auzeville 2009 2 19 50 3.3 9.0 7.0 1.0 0.0 1.9 7.9 330.0 
Auzeville 2009 2 20 51 -2.8 12.8 13.4 1.0 0.5 0.6 6.4 330.0 
Auzeville 2009 2 21 52 -0.7 11.7 13.4 1.2 0.0 1.9 6.1 330.0 
Auzeville 2009 2 22 53 3.3 10.6 6.9 1.4 0.0 3.1 7.1 330.0 
Auzeville 2009 2 23 54 5.7 10.3 7.2 1.3 0.0 2.8 8.1 330.0 
Auzeville 2009 2 24 55 7.0 12.2 10.1 1.6 0.0 1.8 8.4 330.0 
Auzeville 2009 2 25 56 -1.7 14.8 15.8 1.4 0.5 1.7 6.8 330.0 
Auzeville 2009 2 26 57 -0.1 16.0 13.0 1.2 0.0 0.7 8.0 330.0 
Auzeville 2009 2 27 58 -0.4 17.6 15.4 1.5 0.0 0.8 6.8 330.0 
Auzeville 2009 2 28 59 1.0 15.2 13.4 1.8 0.0 5.5 7.8 330.0 
Auzeville 2009 3 1 60 9.1 12.2 5.4 1.1 0.5 1.9 10.8 330.0 
Auzeville 2009 3 2 61 8.5 12.7 6.9 1.4 0.0 1.7 9.8 330.0 
Auzeville 2009 3 3 62 3.2 12.6 13.4 1.5 0.0 1.3 7.7 330.0 
Auzeville 2009 3 4 63 1.1 8.0 2.3 0.4 5.5 2.7 7.2 330.0 
Auzeville 2009 3 5 64 2.9 8.1 8.1 1.3 5.0 3.6 7.8 330.0 
Auzeville 2009 3 6 65 4.0 9.4 9.4 2.2 0.0 4.7 6.7 330.0 
Auzeville 2009 3 7 66 2.8 12.0 8.5 1.4 0.0 3.1 8.1 330.0 
Auzeville 2009 3 8 67 7.3 13.0 6.4 1.4 1.0 2.8 9.8 330.0 
Auzeville 2009 3 9 68 6.9 13.0 11.2 2.0 1.0 2.9 8.9 330.0 
Auzeville 2009 3 10 69 1.0 14.4 17.1 1.8 0.0 2.3 7.5 330.0 
Auzeville 2009 3 11 70 8.1 13.6 8.1 1.8 0.0 2.7 10.3 330.0 
Auzeville 2009 3 12 71 1.2 18.1 17.6 1.9 0.5 0.8 8.3 330.0 
Auzeville 2009 3 13 72 1.9 23.3 18.1 2.2 0.0 0.6 9.2 330.0 
Auzeville 2009 3 14 73 3.3 19.8 16.5 2.3 0.5 2.0 9.1 330.0 
Auzeville 2009 3 15 74 10.1 15.6 11.0 2.0 0.0 2.1 11.3 330.0 
Auzeville 2009 3 16 75 3.2 18.9 19.6 2.3 0.0 0.9 8.2 330.0 
Auzeville 2009 3 17 76 1.8 20.5 19.6 2.6 0.5 1.8 7.9 330.0 
Auzeville 2009 3 18 77 2.2 22.4 19.4 2.6 0.0 1.2 8.0 330.0 
Auzeville 2009 3 19 78 3.5 22.8 19.7 2.8 0.0 1.3 7.4 330.0 
Auzeville 2009 3 20 79 2.3 19.0 20.8 3.0 0.0 1.8 5.6 330.0 
Auzeville 2009 3 21 80 0.1 15.3 20.7 2.6 0.0 1.7 4.7 330.0 
Auzeville 2009 3 22 81 -0.4 16.3 20.8 2.9 0.0 2.1 4.4 330.0 
Auzeville 2009 3 23 82 4.3 17.8 20.0 3.1 0.0 2.2 6.6 330.0 
Auzeville 2009 3 24 83 6.5 13.4 13.7 3.1 2.0 3.6 7.2 330.0 
Auzeville 2009 3 25 84 0.8 14.8 19.8 2.8 0.0 3.0 6.2 330.0 
Auzeville 2009 3 26 85 8.3 16.6 19.3 3.1 0.0 2.4 9.7 330.0 
Auzeville 2009 3 27 86 5.2 16.4 15.9 2.3 0.0 1.4 8.9 330.0 
Auzeville 2009 3 28 87 3.4 10.6 5.3 1.1 5.0 1.6 8.2 330.0 
Auzeville 2009 3 29 88 5.6 14.3 18.2 3.1 0.0 3.0 8.1 330.0 
Auzeville 2009 3 30 89 1.6 14.0 22.5 3.0 0.0 2.1 5.4 330.0 
Auzeville 2009 3 31 90 6.1 11.6 6.7 1.9 2.0 1.8 6.9 330.0 
Auzeville 2009 4 1 91 7.9 13.7 7.1 1.8 0.0 2.2 9.3 330.0 
Auzeville 2009 4 2 92 8.6 12.7 5.1 1.4 1.0 2.0 10.1 330.0 
Auzeville 2009 4 3 93 8.0 15.3 10.7 1.8 0.5 1.0 11.1 330.0 
Auzeville 2009 4 4 94 3.2 18.1 14.8 2.1 0.0 1.1 10.1 330.0 
Auzeville 2009 4 5 95 8.5 19.5 18.3 2.8 0.0 1.1 11.3 330.0 
Auzeville 2009 4 6 96 4.8 21.0 22.7 3.7 7.0 4.2 11.0 330.0 
Auzeville 2009 4 7 97 8.3 9.9 4.9 1.0 13.0 2.3 10.4 330.0 
Auzeville 2009 4 8 98 7.2 14.4 10.5 1.8 0.5 0.9 10.2 330.0 
Auzeville 2009 4 9 99 4.0 19.5 23.8 3.6 0.0 4.6 10.6 330.0 
Auzeville 2009 4 10 100 11.2 16.0 8.0 3.3 4.5 6.7 12.1 330.0 
Auzeville 2009 4 11 101 6.6 9.7 4.3 0.9 16.5 2.3 10.0 330.0 
Auzeville 2009 4 12 102 5.9 8.9 4.7 0.9 11.5 2.6 9.4 330.0 
Auzeville 2009 4 13 103 7.4 15.5 13.0 2.2 0.0 2.0 11.1 330.0 
Auzeville 2009 4 14 104 5.2 20.5 22.0 3.3 0.0 2.5 11.6 330.0 
Auzeville 2009 4 15 105 8.9 17.8 11.8 2.4 3.0 2.1 12.2 330.0 
Auzeville 2009 4 16 106 3.3 18.4 15.9 2.4 20.0 1.2 10.4 330.0 
Auzeville 2009 4 17 107 7.1 15.0 11.9 2.0 5.0 1.4 11.1 330.0 
Auzeville 2009 4 18 108 5.2 17.5 22.0 3.0 0.0 1.0 9.9 330.0 
Auzeville 2009 4 19 109 4.5 18.4 19.0 3.0 1.0 2.1 9.9 330.0 
Auzeville 2009 4 20 110 8.3 12.2 4.8 1.0 33.0 2.7 11.0 330.0 
Auzeville 2009 4 21 111 10.6 17.3 9.4 2.5 0.5 4.1 13.2 330.0 
Auzeville 2009 4 22 112 10.3 20.3 23.5 4.5 0.0 3.5 12.2 330.0 
Auzeville 2009 4 23 113 8.5 23.1 26.6 4.5 0.0 1.8 11.1 330.0 
Auzeville 2009 4 24 114 7.2 21.5 24.5 4.5 2.0 4.0 11.8 330.0 
Auzeville 2009 4 25 115 10.2 13.3 1.7 0.4 3.5 1.7 12.8 330.0 
Auzeville 2009 4 26 116 6.9 9.5 3.6 0.7 27.0 2.9 10.0 330.0 
Auzeville 2009 4 27 117 7.0 15.7 17.3 3.0 0.5 2.5 9.9 330.0 
Auzeville 2009 4 28 118 8.6 15.2 17.9 3.5 2.0 3.4 10.0 330.0 
Auzeville 2009 4 29 119 9.5 15.8 16.1 3.2 0.0 3.3 11.0 330.0 
Auzeville 2009 4 30 120 7.0 18.7 19.8 3.1 3.0 1.7 11.9 330.0 
Auzeville 2009 5 1 121 11.1 17.6 15.9 3.3 0.5 3.5 13.7 330.0 
Auzeville 2009 5 2 122 10.9 21.2 24.0 4.6 0.0 2.7 12.4 330.0 
Auzeville 2009 5 3 123 11.1 22.8 26.3 4.9 0.0 2.2 12.0 330.0 
Auzeville 2009 5 4 124 13.3 18.3 9.2 2.8 0.0 3.1 13.6 330.0 
Auzeville 2009 5 5 125 9.9 20.3 26.7 4.9 0.0 2.7 10.5 330.0 
Auzeville 2009 5 6 126 8.4 26.0 27.7 4.6 0.0 0.8 12.5 330.0 
Auzeville 2009 5 7 127 9.9 27.0 24.8 4.6 0.0 1.8 14.6 330.0 
Auzeville 2009 5 8 128 14.1 18.8 5.3 1.5 0.0 1.9 16.1 330.0 
Auzeville 2009 5 9 129 14.4 22.1 18.2 4.9 0.0 5.0 15.1 330.0 
Auzeville 2009 5 10 130 15.3 22.3 21.7 5.4 0.0 5.9 17.1 330.0 
Auzeville 2009 5 11 131 15.6 21.1 18.1 4.8 1.0 6.5 16.9 330.0 
Auzeville 2009 5 12 132 14.7 23.0 20.6 4.3 0.0 3.1 17.6 330.0 
Auzeville 2009 5 13 133 15.4 19.3 5.9 1.7 8.5 3.1 17.4 330.0 
Auzeville 2009 5 14 134 12.6 15.5 5.2 1.3 13.5 2.0 14.4 330.0 
Auzeville 2009 5 15 135 9.5 16.3 16.1 3.1 2.0 2.4 11.7 330.0 
Auzeville 2009 5 16 136 5.6 24.5 28.9 4.7 0.0 1.6 11.1 330.0 
Auzeville 2009 5 17 137 12.2 20.5 11.7 2.8 3.5 2.0 13.7 330.0 
Auzeville 2009 5 18 138 12.4 23.2 20.6 3.8 0.0 0.8 15.9 330.0 
Auzeville 2009 5 19 139 10.2 24.0 23.5 4.2 0.0 1.5 14.4 330.0 
Auzeville 2009 5 20 140 12.6 25.8 28.0 6.0 0.0 3.9 15.3 330.0 
Auzeville 2009 5 21 141 16.1 22.7 16.1 4.1 0.0 3.5 16.4 330.0 
Auzeville 2009 5 22 142 16.5 24.9 16.6 3.9 0.0 1.8 18.1 330.0 
Auzeville 2009 5 23 143 18.5 26.8 8.6 3.9 0.0 4.6 20.1 330.0 
Auzeville 2009 5 24 144 16.1 27.3 19.0 4.8 0.0 3.3 18.7 330.0 
Auzeville 2009 5 25 145 18.0 27.8 21.0 5.6 5.0 3.4 21.5 330.0 
Auzeville 2009 5 26 146 14.2 16.5 7.5 2.2 0.0 2.8 14.5 330.0 
Auzeville 2009 5 27 147 9.4 20.4 26.8 5.0 0.0 2.8 10.7 330.0 
Auzeville 2009 5 28 148 9.5 25.2 28.9 5.2 0.0 1.7 12.1 330.0 
Auzeville 2009 5 29 149 11.2 28.0 30.5 5.6 0.0 1.1 14.1 330.0 
Auzeville 2009 5 30 150 13.2 27.3 30.2 6.5 0.0 3.5 15.4 330.0 
Auzeville 2009 5 31 151 16.3 25.7 22.4 5.0 0.0 2.1 17.1 330.0 
Auzeville 2009 6 1 152 15.3 26.3 29.8 6.4 0.0 2.6 14.2 330.0 
Auzeville 2009 6 2 153 13.6 27.6 27.3 5.7 0.0 1.9 14.1 330.0 
Auzeville 2009 6 3 154 13.0 28.5 30.1 5.8 0.0 1.1 13.7 330.0 
Auzeville 2009 6 4 155 13.0 27.9 26.9 5.4 0.5 1.4 13.7 330.0 
Auzeville 2009 6 5 156 15.9 24.5 13.9 3.6 17.0 2.1 18.7 330.0 
Auzeville 2009 6 6 157 13.4 21.2 19.6 3.8 6.0 1.6 16.0 330.0 
Auzeville 2009 6 7 158 13.6 22.1 19.5 4.0 0.0 1.5 14.5 330.0 
Auzeville 2009 6 8 159 12.8 23.3 19.7 4.1 4.0 2.6 16.3 330.0 
Auzeville 2009 6 9 160 11.9 23.0 21.1 4.1 0.5 1.6 14.1 330.0 
Auzeville 2009 6 10 161 14.6 28.1 26.3 5.8 0.0 2.3 17.0 330.0 
Auzeville 2009 6 11 162 16.9 21.8 6.7 2.0 0.0 1.2 18.2 330.0 
Auzeville 2009 6 12 163 12.3 28.0 29.9 5.5 0.0 0.8 16.7 330.0 
Auzeville 2009 6 13 164 13.9 32.6 29.7 6.5 0.0 2.0 18.2 330.0 
Auzeville 2009 6 14 165 17.1 28.4 18.0 4.1 0.0 1.2 21.6 330.0 
Auzeville 2009 6 15 166 20.1 25.3 10.9 3.2 1.0 2.5 22.1 330.0 
Auzeville 2009 6 16 167 16.3 24.3 20.0 4.5 0.0 1.6 15.5 330.0 
Auzeville 2009 6 17 168 18.0 29.9 19.3 4.7 0.5 1.3 20.5 330.0 
Auzeville 2009 6 18 169 18.9 31.0 25.9 5.8 0.0 1.3 22.4 330.0 
Auzeville 2009 6 19 170 18.6 21.4 5.9 2.0 1.0 2.4 18.7 330.0 
Auzeville 2009 6 20 171 14.5 23.1 27.6 6.4 0.0 3.6 11.9 330.0 
Auzeville 2009 6 21 172 12.7 22.7 23.1 5.1 0.0 2.6 11.9 330.0 
Auzeville 2009 6 22 173 11.9 24.7 29.1 5.8 0.0 2.3 11.6 330.0 
Auzeville 2009 6 23 174 9.7 25.8 31.5 5.7 0.0 1.4 10.6 330.0 
Auzeville 2009 6 24 175 10.5 28.4 30.6 5.7 0.0 1.2 12.9 330.0 
Auzeville 2009 6 25 176 14.4 26.1 20.4 4.4 0.0 1.5 16.6 330.0 
Auzeville 2009 6 26 177 16.2 25.6 18.2 4.3 4.5 2.0 17.3 330.0 
Auzeville 2009 6 27 178 16.0 28.1 29.0 6.0 0.0 1.3 16.7 330.0 
Auzeville 2009 6 28 179 13.8 32.5 29.4 6.1 0.0 1.2 16.2 330.0 
Auzeville 2009 6 29 180 18.6 32.6 22.6 5.4 0.0 1.1 20.7 330.0 
Auzeville 2009 6 30 181 17.4 34.1 25.4 5.8 0.0 0.9 19.2 330.0 
Auzeville 2009 7 1 182 19.2 34.4 28.9 6.7 0.0 1.2 20.1 330.0 
Auzeville 2009 7 2 183 19.9 26.9 12.5 3.3 3.0 1.4 22.2 330.0 
Auzeville 2009 7 3 184 19.1 30.4 22.3 5.1 2.0 1.1 23.1 330.0 
Auzeville 2009 7 4 185 19.3 28.2 17.5 4.2 4.5 1.5 23.8 330.0 
Auzeville 2009 7 5 186 19.1 28.6 21.7 5.3 0.0 2.0 21.0 330.0 
Auzeville 2009 7 6 187 16.2 26.1 20.4 4.6 0.5 1.9 17.3 330.0 
Auzeville 2009 7 7 188 17.0 23.0 13.5 3.8 0.0 2.6 16.4 330.0 
Auzeville 2009 7 8 189 14.4 24.6 19.9 4.6 0.0 2.1 14.0 330.0 
Auzeville 2009 7 9 190 15.9 25.0 23.7 5.5 0.0 2.3 13.7 330.0 
Auzeville 2009 7 10 191 14.5 24.9 24.8 5.3 0.0 1.9 13.5 330.0 
Auzeville 2009 7 11 192 11.0 30.1 29.5 5.5 0.0 0.8 14.7 330.0 
Auzeville 2009 7 12 193 14.4 31.5 28.6 5.8 0.0 0.9 17.6 330.0 
Auzeville 2009 7 13 194 19.7 30.3 25.0 6.4 0.0 3.8 23.7 330.0 
Auzeville 2009 7 14 195 18.7 21.7 4.3 1.1 5.0 1.4 21.1 330.0 
Auzeville 2009 7 15 196 19.1 30.2 22.2 5.0 0.0 0.9 20.2 330.0 
Auzeville 2009 7 16 197 16.9 32.1 28.0 6.6 7.0 3.2 23.1 330.0 
Auzeville 2009 7 17 198 14.3 19.8 8.2 2.3 2.0 2.7 15.7 330.0 
Auzeville 2009 7 18 199 13.7 23.7 19.6 4.6 0.0 2.6 13.8 330.0 
Auzeville 2009 7 19 200 11.9 26.8 22.0 4.3 0.0 0.9 14.8 330.0 
Auzeville 2009 7 20 201 13.4 31.1 27.2 5.9 4.0 2.3 18.0 330.0 
Auzeville 2009 7 21 202 17.4 30.3 28.1 7.1 0.0 5.0 21.6 330.0 
Auzeville 2009 7 22 203 20.7 30.8 21.9 6.3 0.0 4.2 23.5 330.0 
Auzeville 2009 7 23 204 20.8 30.7 16.8 5.1 0.0 2.3 20.9 330.0 
Auzeville 2009 7 24 205 16.1 28.4 22.5 5.4 0.0 2.3 15.8 330.0 
Auzeville 2009 7 25 206 15.0 26.3 28.5 5.6 0.0 1.5 14.6 330.0 
Auzeville 2009 7 26 207 11.4 33.3 28.4 5.7 0.0 1.2 14.6 330.0 
Auzeville 2009 7 27 208 19.6 25.9 12.5 4.0 0.0 2.8 19.4 330.0 
Auzeville 2009 7 28 209 13.8 30.5 27.7 5.4 0.0 0.8 17.1 330.0 
Auzeville 2009 7 29 210 13.9 33.4 26.4 6.2 0.0 2.6 18.1 330.0 
Auzeville 2009 7 30 211 17.2 27.4 20.9 5.0 0.0 1.9 16.7 330.0 
Auzeville 2009 7 31 212 12.7 31.0 27.7 5.3 0.0 0.7 14.4 330.0 
Auzeville 2009 8 1 213 15.1 32.4 25.1 5.8 4.5 2.1 20.6 330.0 
Auzeville 2009 8 2 214 16.4 23.5 15.3 3.6 0.5 1.7 16.1 330.0 
Auzeville 2009 8 3 215 16.1 25.0 20.1 4.3 0.0 1.4 16.4 330.0 
Auzeville 2009 8 4 216 11.6 30.9 27.0 5.0 0.0 0.7 14.9 330.0 
Auzeville 2009 8 5 217 13.9 35.0 26.6 5.7 0.0 1.2 15.9 330.0 
Auzeville 2009 8 6 218 19.4 31.6 25.2 5.9 1.0 1.9 22.5 330.0 
Auzeville 2009 8 7 219 19.9 24.1 9.8 2.9 0.5 2.1 20.1 330.0 
Auzeville 2009 8 8 220 18.0 27.5 16.8 4.1 1.0 1.7 18.8 330.0 
Auzeville 2009 8 9 221 18.1 21.8 7.3 2.2 0.0 1.9 19.6 330.0 
Auzeville 2009 8 10 222 15.9 27.9 22.5 4.6 0.0 1.1 18.1 330.0 
Auzeville 2009 8 11 223 16.1 29.3 24.2 5.1 0.0 1.4 17.4 330.0 
Auzeville 2009 8 12 224 14.8 30.6 26.4 5.4 0.0 1.5 16.5 330.0 
Auzeville 2009 8 13 225 15.9 32.8 26.0 5.6 0.0 1.4 17.7 330.0 
Auzeville 2009 8 14 226 18.8 34.5 25.6 5.7 0.0 1.0 19.9 330.0 
Auzeville 2009 8 15 227 16.0 35.1 25.3 6.5 0.0 3.1 18.3 330.0 
Auzeville 2009 8 16 228 18.8 36.3 22.9 5.6 0.0 1.3 21.0 330.0 
Auzeville 2009 8 17 229 19.2 33.2 19.9 5.0 0.0 1.7 22.8 330.0 
Auzeville 2009 8 18 230 21.8 35.2 20.5 5.2 0.0 1.2 24.1 330.0 
Auzeville 2009 8 19 231 19.2 37.8 24.1 6.7 0.0 2.6 19.8 330.0 
Auzeville 2009 8 20 232 23.4 32.6 23.8 6.7 0.0 3.1 21.9 330.0 
Auzeville 2009 8 21 233 21.8 29.0 21.1 5.7 0.0 2.7 18.8 330.0 
Auzeville 2009 8 22 234 16.7 30.0 24.7 5.4 0.0 1.7 13.5 330.0 
Auzeville 2009 8 23 235 13.0 36.2 24.3 5.5 0.0 1.7 14.2 330.0 
Auzeville 2009 8 24 236 22.1 27.2 9.6 3.6 13.0 2.8 21.7 330.0 
Auzeville 2009 8 25 237 18.8 21.1 4.2 1.1 3.0 1.5 21.0 330.0 
Auzeville 2009 8 26 238 16.5 30.7 21.6 4.4 0.5 0.9 21.5 330.0 
Auzeville 2009 8 27 239 17.9 33.9 20.5 4.7 0.0 1.1 22.7 330.0 
Auzeville 2009 8 28 240 20.8 25.8 7.8 3.1 0.0 2.6 20.3 330.0 
Auzeville 2009 8 29 241 13.9 24.7 24.1 5.1 0.0 2.8 11.9 330.0 
Auzeville 2009 8 30 242 9.6 27.4 24.1 4.3 0.0 1.3 11.1 330.0 
Auzeville 2009 8 31 243 9.5 31.1 23.2 5.5 0.0 4.3 14.3 330.0 
Auzeville 2009 9 1 244 21.5 23.9 3.7 1.9 0.0 3.1 22.1 330.0 
Auzeville 2009 9 2 245 17.8 28.5 18.2 3.9 0.0 1.1 19.3 330.0 
Auzeville 2009 9 3 246 17.9 23.7 8.1 2.5 0.0 1.8 17.9 330.0 
Auzeville 2009 9 4 247 14.2 25.7 13.1 3.7 0.5 2.8 15.6 330.0 
Auzeville 2009 9 5 248 10.6 23.6 22.7 4.1 0.0 1.9 10.7 330.0 
Auzeville 2009 9 6 249 7.0 29.9 22.8 4.0 0.0 1.3 10.4 330.0 
Auzeville 2009 9 7 250 13.8 30.7 22.1 5.4 0.0 3.2 13.1 330.0 
Auzeville 2009 9 8 251 16.0 30.5 22.4 5.6 0.0 3.3 16.2 330.0 
Auzeville 2009 9 9 252 10.5 30.1 20.8 3.8 0.0 1.1 13.8 330.0 
Auzeville 2009 9 10 253 16.3 30.0 18.8 4.0 0.0 1.2 16.7 330.0 
Auzeville 2009 9 11 254 11.7 28.2 19.4 3.6 0.0 1.2 13.5 330.0 
Auzeville 2009 9 12 255 11.8 28.2 19.1 3.8 0.0 1.7 14.0 330.0 
Auzeville 2009 9 13 256 13.9 27.2 18.5 3.8 0.0 1.9 15.5 330.0 
Auzeville 2009 9 14 257 14.5 23.1 19.8 4.4 0.0 3.2 12.4 330.0 
Auzeville 2009 9 15 258 13.4 21.2 13.3 3.2 0.0 2.1 11.0 330.0 
Auzeville 2009 9 16 259 8.5 22.7 19.5 3.1 0.0 1.4 10.8 330.0 
Auzeville 2009 9 17 260 8.8 26.0 19.8 3.4 0.0 1.8 12.3 330.0 
Auzeville 2009 9 18 261 17.6 24.2 14.0 3.6 2.0 2.4 17.0 330.0 
Auzeville 2009 9 19 262 12.9 20.0 7.8 1.9 7.0 1.9 15.0 330.0 
Auzeville 2009 9 20 263 14.4 17.7 5.8 1.5 17.0 2.4 16.0 330.0 
Auzeville 2009 9 21 264 14.7 20.7 7.0 1.7 0.5 2.1 16.8 330.0 
Auzeville 2009 9 22 265 16.0 19.4 5.2 1.4 0.0 1.4 18.0 330.0 
Auzeville 2009 9 23 266 11.5 26.4 13.3 2.3 0.0 0.8 18.6 330.0 
Auzeville 2009 9 24 267 12.2 27.1 17.8 3.1 0.0 1.9 16.9 330.0 
Auzeville 2009 9 25 268 16.3 25.1 15.4 3.2 0.0 1.9 17.6 330.0 
Auzeville 2009 9 26 269 12.7 24.5 13.8 2.5 0.0 1.0 16.5 330.0 
Auzeville 2009 9 27 270 10.6 26.7 15.5 2.6 0.0 1.2 15.5 330.0 
Auzeville 2009 9 28 271 10.9 27.5 16.8 2.7 0.5 0.9 15.6 330.0 
Auzeville 2009 9 29 272 10.8 28.1 17.0 2.7 0.0 0.8 15.1 330.0 
Auzeville 2009 9 30 273 11.3 28.2 14.3 2.6 0.0 1.0 14.5 330.0 
Auzeville 2009 10 1 274 14.4 25.4 13.2 2.9 0.0 2.1 15.3 330.0 
Auzeville 2009 10 2 275 15.0 22.3 13.0 3.1 0.0 2.8 14.0 330.0 
Auzeville 2009 10 3 276 10.7 22.1 16.5 2.5 0.0 1.3 12.9 330.0 
Auzeville 2009 10 4 277 6.2 25.2 16.1 2.2 0.0 0.7 11.6 330.0 
Auzeville 2009 10 5 278 13.1 27.1 15.5 3.6 0.0 4.6 16.0 330.0 
Auzeville 2009 10 6 279 19.9 27.9 11.7 4.1 0.0 5.1 21.6 330.0 
Auzeville 2009 10 7 280 20.2 24.1 5.8 2.8 0.0 5.6 20.8 330.0 
Auzeville 2009 10 8 281 16.7 28.1 12.1 2.7 8.5 1.9 21.4 330.0 
Auzeville 2009 10 9 282 15.9 22.2 10.2 2.1 0.0 1.9 17.2 330.0 
Auzeville 2009 10 10 283 16.0 20.6 5.7 1.5 11.0 1.7 18.1 330.0 
Auzeville 2009 10 11 284 15.7 22.1 11.4 2.1 1.0 2.2 17.9 330.0 
Auzeville 2009 10 12 285 15.7 20.1 11.1 2.9 0.5 3.5 14.8 330.0 
Auzeville 2009 10 13 286 5.8 17.3 15.3 1.7 0.0 1.4 9.2 330.0 
Auzeville 2009 10 14 287 5.7 17.5 15.1 1.8 0.0 1.7 8.7 330.0 
Auzeville 2009 10 15 288 2.7 13.2 15.5 1.9 0.0 2.2 6.1 330.0 
Auzeville 2009 10 16 289 -0.2 13.0 15.1 1.6 0.0 1.9 5.2 330.0 
Auzeville 2009 10 17 290 6.2 15.3 14.7 2.2 0.0 2.6 7.1 330.0 
Auzeville 2009 10 18 291 1.2 14.9 14.6 1.4 0.0 1.4 7.1 330.0 
Auzeville 2009 10 19 292 -0.8 16.2 13.8 1.7 0.0 3.5 7.2 330.0 
Auzeville 2009 10 20 293 11.8 21.3 8.4 2.7 0.0 5.8 13.5 330.0 
Auzeville 2009 10 21 294 11.5 14.7 3.6 1.2 2.0 2.5 13.0 330.0 
Auzeville 2009 10 22 295 7.5 13.1 3.1 0.5 0.5 2.8 11.0 330.0 
Auzeville 2009 10 23 296 9.6 17.4 6.7 1.0 1.5 1.7 13.0 330.0 
Auzeville 2009 10 24 297 11.9 22.8 6.7 1.0 1.5 1.9 17.4 330.0 
Auzeville 2009 10 25 298 16.7 17.9 3.3 0.9 0.5 1.6 18.2 330.0 
Auzeville 2009 10 26 299 9.9 19.8 12.6 1.3 0.5 0.8 13.8 330.0 
Auzeville 2009 10 27 300 3.9 22.0 12.9 1.5 0.0 2.1 11.0 330.0 
Auzeville 2009 10 28 301 5.9 23.3 11.6 1.3 0.0 1.2 13.1 330.0 
Auzeville 2009 10 29 302 9.3 24.8 10.9 1.4 0.5 0.8 15.9 330.0 
Auzeville 2009 10 30 303 6.6 25.6 11.2 1.3 0.0 0.9 13.2 330.0 
Auzeville 2009 10 31 304 11.0 18.6 3.8 0.7 0.0 0.8 15.1 330.0 
Auzeville 2009 11 1 305 8.6 19.5 7.4 1.1 14.5 2.8 13.8 330.0 
Auzeville 2009 11 2 306 9.2 14.3 5.7 1.1 6.5 3.4 11.0 330.0 
Auzeville 2009 11 3 307 11.1 15.5 4.1 1.0 4.0 3.5 12.7 330.0 
Auzeville 2009 11 4 308 9.9 13.8 4.9 1.2 8.5 3.1 11.2 330.0 
Auzeville 2009 11 5 309 8.3 12.1 4.9 1.3 1.5 3.2 9.7 330.0 
Auzeville 2009 11 6 310 6.8 12.6 4.5 0.8 1.0 1.5 9.9 330.0 
Auzeville 2009 11 7 311 6.9 13.6 5.0 1.0 11.5 2.9 10.5 330.0 
Auzeville 2009 11 8 312 7.0 10.1 4.6 1.0 4.0 3.6 9.3 330.0 
Auzeville 2009 11 9 313 6.9 9.5 5.3 1.2 0.0 4.0 8.4 330.0 
Auzeville 2009 11 10 314 5.8 9.1 3.4 0.8 0.0 1.3 8.1 330.0 
Auzeville 2009 11 11 315 4.8 14.8 1.8 0.4 13.5 1.4 11.0 330.0 
Auzeville 2009 11 12 316 9.5 19.4 8.3 0.8 0.0 1.4 14.0 330.0 
Auzeville 2009 11 13 317 10.5 16.4 6.6 1.1 0.5 5.2 13.4 330.0 
Auzeville 2009 11 14 318 13.3 18.9 6.4 1.4 0.0 3.0 15.2 330.0 
Auzeville 2009 11 15 319 8.0 18.0 6.4 0.6 0.0 3.7 13.2 330.0 
Auzeville 2009 11 16 320 13.8 19.2 8.7 1.3 0.0 3.9 15.6 330.0 
Auzeville 2009 11 17 321 13.9 19.6 7.4 1.7 0.0 4.4 15.6 330.0 
Auzeville 2009 11 18 322 11.8 16.1 4.3 0.7 0.0 0.7 13.8 330.0 
Auzeville 2009 11 19 323 8.7 16.8 6.1 0.7 0.0 4.8 12.5 330.0 
Auzeville 2009 11 20 324 13.6 18.0 7.8 1.6 0.0 5.0 14.2 330.0 
Auzeville 2009 11 21 325 13.7 17.7 7.9 1.5 0.0 5.5 14.4 330.0 
Auzeville 2009 11 22 326 11.1 15.8 4.2 0.9 0.0 1.3 12.0 330.0 
Auzeville 2009 11 23 327 8.3 17.2 5.9 1.1 0.0 2.3 9.6 330.0 
Auzeville 2009 11 24 328 9.2 17.5 8.5 0.8 0.0 1.4 10.7 330.0 
Auzeville 2009 11 25 329 5.6 15.9 6.5 0.7 0.0 3.0 9.9 330.0 
Auzeville 2009 11 26 330 8.6 15.0 6.0 0.5 0.0 0.7 11.3 330.0 
Auzeville 2009 11 27 331 6.9 13.7 4.7 0.6 0.0 1.4 9.9 330.0 
Auzeville 2009 11 28 332 2.9 14.6 7.1 0.5 0.5 2.1 8.8 330.0 
Auzeville 2009 11 29 333 7.3 11.4 2.3 0.8 5.0 2.2 9.9 330.0 
Auzeville 2009 11 30 334 5.2 8.9 4.3 0.8 1.5 3.5 8.2 330.0 
Auzeville 2009 12 1 335 5.7 8.9 3.9 0.8 0.5 2.8 8.2 330.0 
Auzeville 2009 12 2 336 3.6 13.9 7.9 0.4 0.0 3.2 9.5 330.0 
Auzeville 2009 12 3 337 8.3 12.0 3.2 0.6 13.5 2.4 10.8 330.0 
Auzeville 2009 12 4 338 6.7 10.1 1.0 0.4 9.5 2.6 9.9 330.0 
Auzeville 2009 12 5 339 4.1 14.4 4.9 0.2 0.5 0.9 10.6 330.0 
Auzeville 2009 12 6 340 9.0 14.6 5.4 0.6 0.0 3.6 11.6 330.0 
Auzeville 2009 12 7 341 9.9 14.5 4.2 0.5 0.5 2.3 12.6 330.0 
Auzeville 2009 12 8 342 9.2 12.8 3.5 0.4 2.0 1.3 11.8 330.0 
Auzeville 2009 12 9 343 6.6 16.3 6.2 0.2 0.0 0.5 12.2 330.0 
Auzeville 2009 12 10 344 5.2 15.1 6.5 0.1 0.5 0.8 11.4 330.0 
Auzeville 2009 12 11 345 5.1 10.6 5.0 0.2 0.0 0.8 10.2 330.0 
Auzeville 2009 12 12 346 -0.6 8.8 7.7 0.1 0.5 1.9 6.5 330.0 
Auzeville 2009 12 13 347 2.8 3.9 1.1 0.5 0.0 1.5 5.9 330.0 
Auzeville 2009 12 14 348 0.9 2.4 1.9 0.3 1.0 1.4 5.9 330.0 
Auzeville 2009 12 15 349 0.3 1.2 0.9 0.5 0.0 2.8 5.1 330.0 
Auzeville 2009 12 16 350 -1.8 0.0 2.4 0.6 0.0 2.0 4.1 330.0 
Auzeville 2009 12 17 351 -4.6 1.7 6.9 0.2 0.0 1.5 4.0 330.0 
Auzeville 2009 12 18 352 -4.0 3.0 3.4 0.4 0.5 2.6 4.5 330.0 
Auzeville 2009 12 19 353 -2.5 0.7 5.2 0.5 0.0 3.4 4.2 330.0 
Auzeville 2009 12 20 354 -4.1 7.2 7.7 0.1 0.5 1.3 5.0 330.0 
Auzeville 2009 12 21 355 -3.6 9.1 1.6 0.5 0.0 3.5 5.4 330.0 
Auzeville 2009 12 22 356 6.6 11.2 2.4 0.5 0.0 3.0 10.1 330.0 
Auzeville 2009 12 23 357 3.1 11.0 1.9 0.6 0.0 2.0 8.6 330.0 
Auzeville 2009 12 24 358 4.0 14.2 1.5 0.5 0.0 3.0 9.8 330.0 
Auzeville 2009 12 25 359 5.2 12.1 6.3 0.5 0.5 2.0 8.7 330.0 
Auzeville 2009 12 26 360 0.3 6.9 2.6 0.3 1.5 1.8 6.6 330.0 
Auzeville 2009 12 27 361 1.2 13.0 6.4 0.3 0.0 1.6 8.4 330.0 
Auzeville 2009 12 28 362 3.8 10.9 2.6 0.4 8.5 3.7 8.5 330.0 
Auzeville 2009 12 29 363 7.4 11.3 1.8 0.5 3.5 4.1 10.3 330.0 
Auzeville 2009 12 30 364 9.6 14.2 7.0 0.3 2.0 3.1 12.5 330.0 
Auzeville 2009 12 31 365 7.7 14.3 5.8 0.4 9.0 2.4 11.8 330.0 
