AuzevilleJ 2012 1 1 1 10.6 15.9 5.1 0.6 0.0 1.8 13.4 350.0 
AuzevilleJ 2012 1 2 2 7.0 10.5 2.5 0.5 15.0 2.7 9.9 350.0 
AuzevilleJ 2012 1 3 3 3.1 14.2 6.4 0.3 1.0 1.2 8.8 350.0 
AuzevilleJ 2012 1 4 4 6.1 12.5 5.6 0.6 0.0 3.3 8.7 350.0 
AuzevilleJ 2012 1 5 5 6.7 12.9 2.3 0.9 6.0 4.9 10.0 350.0 
AuzevilleJ 2012 1 6 6 7.3 10.7 5.5 0.9 0.0 3.6 8.9 350.0 
AuzevilleJ 2012 1 7 7 2.9 11.9 3.8 0.3 0.5 2.0 8.8 350.0 
AuzevilleJ 2012 1 8 8 8.6 11.5 3.6 0.7 1.0 2.4 10.8 350.0 
AuzevilleJ 2012 1 9 9 5.0 8.2 2.9 0.6 0.0 1.3 7.6 350.0 
AuzevilleJ 2012 1 10 10 -1.8 10.3 8.3 0.0 0.5 0.4 7.2 350.0 
AuzevilleJ 2012 1 11 11 -2.2 10.6 8.3 0.0 0.0 0.4 7.3 350.0 
AuzevilleJ 2012 1 12 12 -1.3 7.1 4.3 0.2 0.5 0.4 7.4 350.0 
AuzevilleJ 2012 1 13 13 -0.2 4.3 1.5 0.1 0.0 1.5 6.9 350.0 
AuzevilleJ 2012 1 14 14 1.1 2.7 1.8 0.2 0.0 1.2 6.3 350.0 
AuzevilleJ 2012 1 15 15 0.5 8.6 7.7 0.4 0.0 1.6 6.7 350.0 
AuzevilleJ 2012 1 16 16 0.0 9.6 5.9 0.2 0.5 1.6 7.3 350.0 
AuzevilleJ 2012 1 17 17 3.0 10.3 7.2 0.3 0.0 0.9 8.4 350.0 
AuzevilleJ 2012 1 18 18 1.5 10.7 6.1 0.3 0.0 0.5 7.8 350.0 
AuzevilleJ 2012 1 19 19 0.7 12.9 4.6 0.2 0.0 1.4 8.7 350.0 
AuzevilleJ 2012 1 20 20 9.4 12.6 4.5 0.8 1.0 3.3 11.3 350.0 
AuzevilleJ 2012 1 21 21 8.3 13.0 3.1 0.8 2.5 3.0 10.8 350.0 
AuzevilleJ 2012 1 22 22 9.8 14.3 6.0 0.8 1.0 2.7 12.4 350.0 
AuzevilleJ 2012 1 23 23 8.4 10.3 2.8 0.6 0.5 1.9 10.2 350.0 
AuzevilleJ 2012 1 24 24 6.9 10.2 4.6 0.8 0.0 2.0 8.7 350.0 
AuzevilleJ 2012 1 25 25 1.6 10.9 6.6 0.3 0.0 0.9 8.4 350.0 
AuzevilleJ 2012 1 26 26 0.4 13.5 7.3 0.3 0.5 1.1 8.9 350.0 
AuzevilleJ 2012 1 27 27 6.7 10.6 4.6 0.8 0.0 1.8 8.8 350.0 
AuzevilleJ 2012 1 28 28 4.4 9.8 5.2 0.8 1.0 2.0 8.7 350.0 
AuzevilleJ 2012 1 29 29 1.9 4.9 3.1 0.9 0.0 3.9 6.4 350.0 
AuzevilleJ 2012 1 30 30 -0.9 6.8 10.0 0.4 0.0 1.4 5.7 350.0 
AuzevilleJ 2012 1 31 31 1.0 6.9 1.9 0.5 7.5 2.1 6.8 350.0 
AuzevilleJ 2012 2 1 32 -0.8 3.0 5.2 0.5 0.0 1.6 5.6 350.0 
AuzevilleJ 2012 2 2 33 -2.7 -0.9 3.5 0.8 0.0 3.3 4.2 350.0 
AuzevilleJ 2012 2 3 34 -5.5 -1.0 7.3 1.2 0.0 4.6 3.0 350.0 
AuzevilleJ 2012 2 4 35 -6.0 0.2 9.9 1.4 0.0 4.7 2.6 350.0 
AuzevilleJ 2012 2 5 36 -8.1 -1.8 3.1 0.4 0.0 1.7 3.5 350.0 
AuzevilleJ 2012 2 6 37 -3.1 0.7 8.8 0.9 1.0 3.7 4.1 350.0 
AuzevilleJ 2012 2 7 38 -5.1 -0.6 12.6 1.4 0.0 4.7 2.9 350.0 
AuzevilleJ 2012 2 8 39 -9.8 -3.9 11.4 0.7 0.0 2.6 2.4 350.0 
AuzevilleJ 2012 2 9 40 -12.1 -1.4 11.5 0.4 0.0 1.8 2.7 350.0 
AuzevilleJ 2012 2 10 41 -7.4 -0.3 12.0 0.7 0.0 2.7 3.2 350.0 
AuzevilleJ 2012 2 11 42 -8.6 -1.6 12.3 0.8 0.0 3.2 2.8 350.0 
AuzevilleJ 2012 2 12 43 -8.7 -1.2 12.4 0.9 0.0 3.6 2.7 350.0 
AuzevilleJ 2012 2 13 44 -7.3 1.6 4.9 0.9 0.0 2.7 3.0 350.0 
AuzevilleJ 2012 2 14 45 0.3 3.6 3.4 0.5 1.0 2.3 6.3 350.0 
AuzevilleJ 2012 2 15 46 2.3 7.0 4.1 0.9 0.5 3.0 7.1 350.0 
AuzevilleJ 2012 2 16 47 3.4 9.6 7.7 1.1 0.0 3.3 7.8 350.0 
AuzevilleJ 2012 2 17 48 5.2 9.0 4.4 1.0 0.0 1.6 7.6 350.0 
AuzevilleJ 2012 2 18 49 -1.1 11.2 13.6 0.9 0.5 1.1 6.3 350.0 
AuzevilleJ 2012 2 19 50 1.5 11.0 5.3 1.0 1.0 2.8 7.3 350.0 
AuzevilleJ 2012 2 20 51 -0.3 8.5 13.8 1.5 0.0 2.6 4.7 350.0 
AuzevilleJ 2012 2 21 52 -5.4 8.4 15.1 0.9 0.0 0.8 4.6 350.0 
AuzevilleJ 2012 2 22 53 -5.6 11.1 15.3 1.0 0.0 0.9 4.9 350.0 
AuzevilleJ 2012 2 23 54 -3.0 14.1 14.0 1.4 0.0 1.6 4.6 350.0 
AuzevilleJ 2012 2 24 55 7.3 11.5 4.8 1.0 0.0 0.9 9.2 350.0 
AuzevilleJ 2012 2 25 56 4.8 10.6 2.7 0.4 0.0 1.2 9.0 350.0 
AuzevilleJ 2012 2 26 57 8.5 15.5 11.1 2.1 0.0 3.3 10.4 350.0 
AuzevilleJ 2012 2 27 58 0.3 13.8 13.5 1.3 0.0 1.3 7.5 350.0 
AuzevilleJ 2012 2 28 59 -2.9 17.2 16.2 1.3 0.0 0.5 6.7 350.0 
AuzevilleJ 2012 2 29 60 -2.6 19.6 15.8 1.4 0.0 0.6 7.0 350.0 
AuzevilleJ 2012 3 1 61 -0.6 20.9 15.6 1.5 0.0 0.6 8.1 350.0 
AuzevilleJ 2012 3 2 62 6.6 16.3 15.4 2.1 0.0 3.7 10.7 350.0 
AuzevilleJ 2012 3 3 63 6.3 15.5 7.0 1.3 0.5 1.8 10.4 350.0 
AuzevilleJ 2012 3 4 64 1.7 13.3 5.3 0.8 8.5 2.1 9.1 350.0 
AuzevilleJ 2012 3 5 65 2.8 9.9 13.5 2.0 1.5 3.4 6.1 350.0 
AuzevilleJ 2012 3 6 66 3.7 10.5 8.7 2.0 0.0 3.1 6.9 350.0 
AuzevilleJ 2012 3 7 67 -2.1 12.3 15.4 1.6 1.0 1.4 5.3 350.0 
AuzevilleJ 2012 3 8 68 6.0 10.9 11.3 2.5 0.0 4.7 7.3 350.0 
AuzevilleJ 2012 3 9 69 2.0 13.2 17.7 2.3 0.0 2.2 5.5 350.0 
AuzevilleJ 2012 3 10 70 -2.2 15.2 16.3 2.0 0.0 2.3 5.5 350.0 
AuzevilleJ 2012 3 11 71 3.7 16.0 16.6 2.4 0.0 3.0 8.0 350.0 
AuzevilleJ 2012 3 12 72 5.2 16.7 18.0 2.2 0.0 1.5 9.4 350.0 
AuzevilleJ 2012 3 13 73 0.8 21.5 18.3 2.1 0.0 0.7 8.9 350.0 
AuzevilleJ 2012 3 14 74 1.0 24.6 18.7 2.4 0.0 1.1 9.0 350.0 
AuzevilleJ 2012 3 15 75 3.1 23.4 19.2 3.1 0.0 2.8 9.9 350.0 
AuzevilleJ 2012 3 16 76 8.2 16.2 18.3 3.3 0.0 6.6 10.8 350.0 
AuzevilleJ 2012 3 17 77 9.6 17.3 16.1 2.9 0.5 4.2 11.7 350.0 
AuzevilleJ 2012 3 18 78 7.8 11.9 7.1 1.8 0.0 2.6 9.1 350.0 
AuzevilleJ 2012 3 19 79 6.0 11.4 9.3 1.8 3.0 2.7 8.8 350.0 
AuzevilleJ 2012 3 20 80 1.2 13.4 12.9 1.6 1.0 0.9 7.6 350.0 
AuzevilleJ 2012 3 21 81 6.9 13.9 4.7 1.4 0.5 4.6 10.7 350.0 
AuzevilleJ 2012 3 22 82 9.3 14.5 3.2 1.2 5.5 2.7 11.8 350.0 
AuzevilleJ 2012 3 23 83 2.6 18.6 18.4 2.5 0.0 2.5 9.8 350.0 
AuzevilleJ 2012 3 24 84 2.8 22.4 20.6 2.9 0.0 1.7 9.2 350.0 
AuzevilleJ 2012 3 25 85 2.9 23.3 20.8 2.8 0.0 0.9 9.2 350.0 
AuzevilleJ 2012 3 26 86 8.4 22.1 20.5 4.2 0.0 3.6 9.3 350.0 
AuzevilleJ 2012 3 27 87 4.4 23.9 20.1 3.0 0.0 1.1 9.0 350.0 
AuzevilleJ 2012 3 28 88 4.6 24.3 20.7 3.1 0.0 1.0 9.0 350.0 
AuzevilleJ 2012 3 29 89 4.6 23.8 21.1 3.3 0.0 1.4 8.4 350.0 
AuzevilleJ 2012 3 30 90 5.5 23.1 21.7 3.6 0.0 2.0 8.0 350.0 
AuzevilleJ 2012 3 31 91 4.3 23.2 22.4 3.4 0.0 1.7 9.0 350.0 
AuzevilleJ 2012 4 1 92 8.4 21.3 19.0 3.2 0.0 1.7 11.6 350.0 
AuzevilleJ 2012 4 2 93 6.4 20.7 19.5 3.4 0.0 3.2 10.9 350.0 
AuzevilleJ 2012 4 3 94 10.4 13.4 5.4 1.6 0.0 2.2 10.7 350.0 
AuzevilleJ 2012 4 4 95 9.3 14.2 15.3 2.7 0.0 1.7 9.0 350.0 
AuzevilleJ 2012 4 5 96 6.2 18.8 17.4 2.7 0.0 1.3 9.8 350.0 
AuzevilleJ 2012 4 6 97 11.0 21.3 15.2 3.4 11.0 2.9 13.9 350.0 
AuzevilleJ 2012 4 7 98 5.8 13.8 12.5 2.0 5.0 2.5 9.7 350.0 
AuzevilleJ 2012 4 8 99 8.6 12.2 5.4 1.3 0.0 3.1 10.8 350.0 
AuzevilleJ 2012 4 9 100 7.0 17.0 15.3 2.4 0.0 1.1 11.2 350.0 
AuzevilleJ 2012 4 10 101 9.0 16.2 5.5 1.9 11.5 3.9 12.4 350.0 
AuzevilleJ 2012 4 11 102 7.3 14.2 13.6 2.6 0.5 2.9 9.8 350.0 
AuzevilleJ 2012 4 12 103 7.0 15.9 8.6 1.9 2.5 2.0 10.8 350.0 
AuzevilleJ 2012 4 13 104 6.2 15.2 16.5 3.1 0.5 3.3 9.4 350.0 
AuzevilleJ 2012 4 14 105 4.5 14.5 17.3 2.6 1.5 2.3 8.8 350.0 
AuzevilleJ 2012 4 15 106 7.2 12.9 10.1 2.6 9.0 4.2 9.7 350.0 
AuzevilleJ 2012 4 16 107 4.6 10.6 7.7 2.9 0.0 4.7 6.0 350.0 
AuzevilleJ 2012 4 17 108 3.5 15.8 22.1 3.5 0.5 2.9 7.9 350.0 
AuzevilleJ 2012 4 18 109 8.2 14.1 12.5 2.6 2.5 2.9 9.5 350.0 
AuzevilleJ 2012 4 19 110 8.1 11.9 12.4 2.5 6.0 3.4 9.7 350.0 
AuzevilleJ 2012 4 20 111 6.4 15.4 13.2 2.6 0.0 3.1 9.6 350.0 
AuzevilleJ 2012 4 21 112 9.7 17.6 13.0 2.9 1.5 2.7 11.9 350.0 
AuzevilleJ 2012 4 22 113 6.7 15.8 18.2 3.2 0.0 2.5 9.3 350.0 
AuzevilleJ 2012 4 23 114 3.7 16.9 12.8 2.5 8.0 2.8 9.6 350.0 
AuzevilleJ 2012 4 24 115 7.7 13.3 15.9 3.3 0.5 4.0 9.3 350.0 
AuzevilleJ 2012 4 25 116 4.8 17.9 15.7 3.2 0.0 5.4 9.4 350.0 
AuzevilleJ 2012 4 26 117 10.2 20.0 10.0 2.5 0.0 2.1 13.4 350.0 
AuzevilleJ 2012 4 27 118 10.8 19.6 14.6 3.3 0.5 4.5 14.2 350.0 
AuzevilleJ 2012 4 28 119 11.9 20.2 15.1 3.6 7.5 4.6 14.8 350.0 
AuzevilleJ 2012 4 29 120 8.4 20.2 20.8 3.7 0.0 2.0 11.9 350.0 
AuzevilleJ 2012 4 30 121 10.4 14.6 14.2 2.6 0.5 1.7 12.2 350.0 
AuzevilleJ 2012 5 1 122 2.7 20.2 25.9 3.7 0.0 1.6 9.5 350.0 
AuzevilleJ 2012 5 2 123 5.5 21.6 27.2 4.2 0.0 1.9 11.3 350.0 
AuzevilleJ 2012 5 3 124 9.9 24.2 27.3 5.5 0.0 3.5 13.6 350.0 
AuzevilleJ 2012 5 4 125 11.1 18.9 13.7 2.9 5.0 2.4 14.5 350.0 
AuzevilleJ 2012 5 5 126 7.5 19.8 22.0 3.5 0.0 1.9 12.2 350.0 
AuzevilleJ 2012 5 6 127 11.3 18.7 17.4 3.5 1.0 2.0 12.3 350.0 
AuzevilleJ 2012 5 7 128 5.5 22.4 26.3 4.0 0.0 1.0 10.5 350.0 
AuzevilleJ 2012 5 8 129 13.6 23.1 18.9 4.6 5.0 4.3 15.8 350.0 
AuzevilleJ 2012 5 9 130 14.0 26.0 27.6 5.9 0.0 3.7 17.1 350.0 
AuzevilleJ 2012 5 10 131 14.2 24.6 26.1 6.3 0.0 5.5 16.4 350.0 
AuzevilleJ 2012 5 11 132 14.2 30.1 27.7 6.7 0.0 3.7 16.3 350.0 
AuzevilleJ 2012 5 12 133 16.5 21.4 7.6 2.3 0.0 2.5 18.4 350.0 
AuzevilleJ 2012 5 13 134 14.3 21.1 23.5 5.1 0.0 2.8 12.7 350.0 
AuzevilleJ 2012 5 14 135 6.5 23.0 28.9 5.0 0.0 2.2 9.1 350.0 
AuzevilleJ 2012 5 15 136 10.0 19.7 22.9 5.4 0.0 4.3 9.6 350.0 
AuzevilleJ 2012 5 16 137 7.2 18.9 30.3 5.0 0.0 1.9 8.0 350.0 
AuzevilleJ 2012 5 17 138 5.9 20.8 20.3 5.1 0.5 5.2 8.9 350.0 
AuzevilleJ 2012 5 18 139 12.5 17.3 8.8 2.3 0.5 3.2 14.2 350.0 
AuzevilleJ 2012 5 19 140 12.6 20.7 17.4 4.3 8.0 4.6 14.6 350.0 
AuzevilleJ 2012 5 20 141 11.0 14.5 7.4 1.7 12.5 2.5 13.1 350.0 
AuzevilleJ 2012 5 21 142 9.6 12.4 4.5 1.0 42.5 4.0 12.1 350.0 
AuzevilleJ 2012 5 22 143 10.3 19.3 11.3 3.1 0.5 4.7 13.3 350.0 
AuzevilleJ 2012 5 23 144 13.0 20.3 12.1 2.8 0.0 2.5 15.1 350.0 
AuzevilleJ 2012 5 24 145 15.1 26.5 26.6 5.2 0.0 1.4 17.9 350.0 
AuzevilleJ 2012 5 25 146 13.3 29.2 29.1 6.0 0.0 2.4 17.9 350.0 
AuzevilleJ 2012 5 26 147 16.3 20.1 14.9 3.3 0.0 2.3 16.5 350.0 
AuzevilleJ 2012 5 27 148 13.7 25.5 28.0 5.3 0.0 1.3 14.8 350.0 
AuzevilleJ 2012 5 28 149 15.7 25.9 28.4 5.8 0.0 1.7 15.0 350.0 
AuzevilleJ 2012 5 29 150 13.2 28.5 29.3 5.5 0.0 0.8 15.3 350.0 
AuzevilleJ 2012 5 30 151 16.0 26.2 24.1 4.9 0.0 1.4 18.3 350.0 
AuzevilleJ 2012 5 31 152 16.7 26.2 21.4 4.7 0.0 1.5 18.9 350.0 
AuzevilleJ 2012 6 1 153 13.0 30.7 29.3 5.6 0.0 0.7 16.5 350.0 
AuzevilleJ 2012 6 2 154 15.7 30.5 23.9 6.0 0.0 3.1 18.9 350.0 
AuzevilleJ 2012 6 3 155 15.4 20.2 8.4 2.2 11.0 1.8 17.3 350.0 
AuzevilleJ 2012 6 4 156 13.7 22.6 23.6 5.0 0.0 2.3 13.5 350.0 
AuzevilleJ 2012 6 5 157 10.3 26.2 29.9 5.1 0.0 0.6 13.0 350.0 
AuzevilleJ 2012 6 6 158 13.5 25.3 20.8 4.2 0.0 1.2 15.3 350.0 
AuzevilleJ 2012 6 7 159 18.0 27.1 24.7 6.4 0.5 4.2 19.4 350.0 
AuzevilleJ 2012 6 8 160 16.4 19.5 8.2 2.8 0.0 2.0 13.6 350.0 
AuzevilleJ 2012 6 9 161 10.9 20.9 19.4 3.6 3.0 1.0 11.7 350.0 
AuzevilleJ 2012 6 10 162 13.6 21.0 8.9 2.3 1.5 2.1 16.2 350.0 
AuzevilleJ 2012 6 11 163 13.4 22.9 14.5 3.6 10.0 2.2 15.2 350.0 
AuzevilleJ 2012 6 12 164 12.8 19.4 17.4 3.9 10.0 3.1 14.3 350.0 
AuzevilleJ 2012 6 13 165 11.0 21.1 20.5 4.0 1.0 1.8 13.3 350.0 
AuzevilleJ 2012 6 14 166 9.1 25.7 30.5 5.8 0.0 3.7 14.3 350.0 
AuzevilleJ 2012 6 15 167 17.6 26.0 27.8 6.5 0.0 3.4 17.5 350.0 
AuzevilleJ 2012 6 16 168 16.9 29.3 30.0 7.0 0.0 3.1 18.4 350.0 
AuzevilleJ 2012 6 17 169 17.4 29.5 28.9 6.8 0.0 2.4 16.2 350.0 
AuzevilleJ 2012 6 18 170 18.8 22.0 8.3 2.7 0.0 1.8 17.0 350.0 
AuzevilleJ 2012 6 19 171 16.3 23.9 9.0 2.4 3.5 1.3 19.5 350.0 
AuzevilleJ 2012 6 20 172 15.9 30.8 29.1 6.1 0.0 1.3 18.9 350.0 
AuzevilleJ 2012 6 21 173 15.6 31.0 22.1 5.8 0.0 2.4 17.2 350.0 
AuzevilleJ 2012 6 22 174 13.0 24.5 28.7 5.6 0.0 1.6 12.1 350.0 
AuzevilleJ 2012 6 23 175 13.9 27.9 28.9 5.7 0.0 1.1 13.8 350.0 
AuzevilleJ 2012 6 24 176 13.2 29.7 29.1 6.0 0.0 1.7 14.8 350.0 
AuzevilleJ 2012 6 25 177 14.4 29.7 30.0 6.4 0.0 2.0 15.4 350.0 
AuzevilleJ 2012 6 26 178 14.9 32.1 30.2 6.2 0.0 1.0 17.9 350.0 
AuzevilleJ 2012 6 27 179 14.5 35.9 30.4 7.3 0.5 2.3 17.3 350.0 
AuzevilleJ 2012 6 28 180 20.9 32.4 28.2 7.7 0.0 3.5 21.0 350.0 
AuzevilleJ 2012 6 29 181 19.3 26.2 11.9 3.2 1.0 1.6 21.8 350.0 
AuzevilleJ 2012 6 30 182 20.2 29.6 18.2 5.3 11.5 2.1 18.9 350.0 
AuzevilleJ 2012 7 1 183 12.7 15.9 3.7 1.0 5.0 2.0 13.5 350.0 
AuzevilleJ 2012 7 2 184 12.5 24.7 29.4 5.7 0.5 1.8 12.6 350.0 
AuzevilleJ 2012 7 3 185 11.2 31.3 29.7 5.6 0.0 0.7 14.4 350.0 
AuzevilleJ 2012 7 4 186 17.2 25.9 21.2 4.7 3.0 1.4 18.0 350.0 
AuzevilleJ 2012 7 5 187 16.0 22.0 8.1 2.3 2.5 1.5 18.4 350.0 
AuzevilleJ 2012 7 6 188 12.1 24.4 20.5 4.0 0.0 1.2 14.0 350.0 
AuzevilleJ 2012 7 7 189 14.7 29.3 29.3 6.5 8.0 2.9 17.4 350.0 
AuzevilleJ 2012 7 8 190 16.4 25.7 17.0 4.1 0.0 1.5 17.0 350.0 
AuzevilleJ 2012 7 9 191 14.4 27.0 24.8 5.0 0.0 1.4 16.1 350.0 
AuzevilleJ 2012 7 10 192 18.2 24.4 14.7 3.9 0.0 2.0 17.2 350.0 
AuzevilleJ 2012 7 11 193 16.9 21.0 12.2 3.5 0.0 2.3 13.8 350.0 
AuzevilleJ 2012 7 12 194 15.9 25.6 25.9 5.5 0.0 1.7 13.7 350.0 
AuzevilleJ 2012 7 13 195 15.2 29.6 27.0 6.0 0.5 1.9 15.2 350.0 
AuzevilleJ 2012 7 14 196 17.1 23.6 14.0 3.9 0.0 2.0 15.3 350.0 
AuzevilleJ 2012 7 15 197 11.6 23.6 24.6 5.1 0.0 2.8 12.1 350.0 
AuzevilleJ 2012 7 16 198 15.1 26.0 29.9 6.2 0.0 2.0 12.1 350.0 
AuzevilleJ 2012 7 17 199 11.3 31.1 29.8 5.8 0.0 1.1 12.8 350.0 
AuzevilleJ 2012 7 18 200 12.1 36.7 29.6 6.4 0.0 1.3 15.0 350.0 
AuzevilleJ 2012 7 19 201 16.8 26.3 25.0 5.6 0.0 2.2 15.9 350.0 
AuzevilleJ 2012 7 20 202 14.9 23.0 12.4 3.3 0.0 1.9 14.2 350.0 
AuzevilleJ 2012 7 21 203 15.2 26.1 25.5 5.9 0.0 2.5 12.2 350.0 
AuzevilleJ 2012 7 22 204 15.4 26.7 26.4 6.1 0.0 2.3 11.2 350.0 
AuzevilleJ 2012 7 23 205 11.0 29.8 29.9 5.8 0.0 1.3 10.8 350.0 
AuzevilleJ 2012 7 24 206 10.4 32.7 28.9 6.3 0.0 2.1 11.3 350.0 
AuzevilleJ 2012 7 25 207 13.4 35.3 27.9 6.1 0.0 1.4 14.3 350.0 
AuzevilleJ 2012 7 26 208 15.7 36.0 24.5 6.6 0.0 2.6 16.3 350.0 
AuzevilleJ 2012 7 27 209 20.1 31.4 20.3 5.4 38.5 2.2 23.5 350.0 
AuzevilleJ 2012 7 28 210 18.6 26.4 16.0 4.3 0.0 2.3 18.8 350.0 
AuzevilleJ 2012 7 29 211 15.6 26.2 26.8 5.7 0.0 2.2 14.1 350.0 
AuzevilleJ 2012 7 30 212 14.0 29.6 27.4 5.4 0.0 1.2 15.4 350.0 
AuzevilleJ 2012 7 31 213 15.0 33.9 27.2 5.7 0.0 1.0 16.5 350.0 
AuzevilleJ 2012 8 1 214 20.8 28.0 16.9 4.6 0.0 1.9 18.9 350.0 
AuzevilleJ 2012 8 2 215 17.8 28.9 23.8 5.5 0.0 2.0 16.6 350.0 
AuzevilleJ 2012 8 3 216 18.1 28.0 20.4 5.0 0.0 1.8 15.5 350.0 
AuzevilleJ 2012 8 4 217 16.1 29.6 23.2 5.0 11.0 1.3 16.7 350.0 
AuzevilleJ 2012 8 5 218 17.1 26.8 16.5 4.0 23.0 2.1 21.6 350.0 
AuzevilleJ 2012 8 6 219 14.2 25.3 19.6 4.0 0.0 1.4 16.1 350.0 
AuzevilleJ 2012 8 7 220 13.6 28.9 27.2 5.1 0.0 1.0 16.4 350.0 
AuzevilleJ 2012 8 8 221 14.3 32.7 26.7 5.3 0.0 0.8 17.4 350.0 
AuzevilleJ 2012 8 9 222 15.9 35.9 26.1 5.7 0.0 1.0 17.7 350.0 
AuzevilleJ 2012 8 10 223 15.8 36.0 26.2 5.6 0.0 0.9 17.7 350.0 
AuzevilleJ 2012 8 11 224 17.7 30.9 24.6 5.6 0.0 2.0 18.8 350.0 
AuzevilleJ 2012 8 12 225 17.9 27.9 18.4 4.6 0.0 1.9 17.3 350.0 
AuzevilleJ 2012 8 13 226 15.4 30.0 23.6 4.8 0.0 0.9 17.1 350.0 
AuzevilleJ 2012 8 14 227 15.8 34.3 25.5 6.5 0.0 3.1 17.8 350.0 
AuzevilleJ 2012 8 15 228 22.4 32.9 17.2 6.3 0.0 3.8 23.0 350.0 
AuzevilleJ 2012 8 16 229 14.7 31.6 25.3 5.0 0.0 0.9 16.2 350.0 
AuzevilleJ 2012 8 17 230 14.5 35.1 25.5 6.6 0.0 3.2 16.3 350.0 
AuzevilleJ 2012 8 18 231 22.1 32.6 20.5 7.1 0.0 4.8 21.1 350.0 
AuzevilleJ 2012 8 19 232 22.7 33.4 18.5 6.3 0.0 3.9 22.4 350.0 
AuzevilleJ 2012 8 20 233 19.8 36.6 21.5 5.2 0.0 0.9 22.9 350.0 
AuzevilleJ 2012 8 21 234 21.9 35.7 22.6 5.9 0.0 1.8 25.3 350.0 
AuzevilleJ 2012 8 22 235 21.7 32.4 22.5 5.6 0.5 1.7 20.7 350.0 
AuzevilleJ 2012 8 23 236 19.4 33.9 20.8 5.5 0.0 2.5 21.6 350.0 
AuzevilleJ 2012 8 24 237 20.1 29.8 17.8 4.6 0.0 1.7 18.0 350.0 
AuzevilleJ 2012 8 25 238 17.8 25.2 8.3 2.9 0.0 2.1 17.4 350.0 
AuzevilleJ 2012 8 26 239 14.4 25.6 22.4 4.5 0.0 1.8 14.0 350.0 
AuzevilleJ 2012 8 27 240 10.2 32.6 24.4 5.5 2.5 2.7 13.2 350.0 
AuzevilleJ 2012 8 28 241 18.6 30.8 22.8 5.2 0.0 2.0 19.6 350.0 
AuzevilleJ 2012 8 29 242 19.2 28.1 9.8 3.0 8.0 1.7 21.3 350.0 
AuzevilleJ 2012 8 30 243 17.2 22.5 9.1 2.7 0.5 2.4 18.5 350.0 
AuzevilleJ 2012 8 31 244 14.1 21.4 19.7 4.5 3.0 3.1 12.2 350.0 
AuzevilleJ 2012 9 1 245 11.6 21.0 20.0 4.4 0.0 2.8 8.9 350.0 
AuzevilleJ 2012 9 2 246 13.4 21.5 5.6 2.9 0.0 2.2 9.6 350.0 
AuzevilleJ 2012 9 3 247 14.3 24.0 11.5 3.5 0.0 3.1 14.0 350.0 
AuzevilleJ 2012 9 4 248 15.5 25.1 12.5 3.4 0.0 2.4 15.2 350.0 
AuzevilleJ 2012 9 5 249 17.7 27.9 16.7 4.4 0.0 2.5 16.4 350.0 
AuzevilleJ 2012 9 6 250 16.5 29.6 20.7 4.2 0.0 1.2 17.2 350.0 
AuzevilleJ 2012 9 7 251 13.2 32.3 21.4 4.2 0.0 1.1 15.2 350.0 
AuzevilleJ 2012 9 8 252 13.2 32.6 21.0 4.4 0.0 1.5 15.1 350.0 
AuzevilleJ 2012 9 9 253 16.6 32.0 20.5 4.7 0.0 1.9 19.1 350.0 
AuzevilleJ 2012 9 10 254 18.5 29.3 17.9 4.4 0.0 2.7 20.8 350.0 
AuzevilleJ 2012 9 11 255 20.2 30.5 18.7 4.4 0.0 1.7 20.0 350.0 
AuzevilleJ 2012 9 12 256 17.9 22.1 9.1 3.8 1.0 3.6 13.8 350.0 
AuzevilleJ 2012 9 13 257 13.2 22.2 11.9 3.5 2.0 3.4 13.0 350.0 
AuzevilleJ 2012 9 14 258 11.7 24.3 21.2 4.3 0.0 2.9 11.3 350.0 
AuzevilleJ 2012 9 15 259 13.3 23.2 17.8 3.4 0.0 1.9 13.6 350.0 
AuzevilleJ 2012 9 16 260 7.6 30.0 20.4 3.8 0.0 1.8 12.6 350.0 
AuzevilleJ 2012 9 17 261 13.6 29.7 17.4 3.4 0.0 1.0 15.8 350.0 
AuzevilleJ 2012 9 18 262 16.1 20.9 6.3 1.9 4.5 1.6 16.2 350.0 
AuzevilleJ 2012 9 19 263 15.1 22.8 17.4 3.6 0.0 2.2 14.2 350.0 
AuzevilleJ 2012 9 20 264 5.0 27.6 20.2 3.7 0.0 2.4 10.2 350.0 
AuzevilleJ 2012 9 21 265 16.3 23.9 18.6 4.9 0.0 6.2 16.5 350.0 
AuzevilleJ 2012 9 22 266 17.9 25.0 12.5 3.5 0.0 3.4 18.9 350.0 
AuzevilleJ 2012 9 23 267 18.1 23.3 10.1 3.4 2.5 6.1 19.5 350.0 
AuzevilleJ 2012 9 24 268 16.1 23.5 15.6 3.3 2.0 2.3 15.9 350.0 
AuzevilleJ 2012 9 25 269 11.1 24.6 15.0 2.7 0.0 1.3 13.7 350.0 
AuzevilleJ 2012 9 26 270 11.5 15.2 4.0 1.0 4.0 1.3 13.0 350.0 
AuzevilleJ 2012 9 27 271 8.7 22.0 15.9 2.5 0.0 1.4 12.4 350.0 
AuzevilleJ 2012 9 28 272 8.3 21.6 10.2 1.7 0.5 0.6 12.1 350.0 
AuzevilleJ 2012 9 29 273 12.9 15.9 2.6 1.2 9.5 2.5 12.9 350.0 
AuzevilleJ 2012 9 30 274 12.2 18.5 7.5 1.8 0.0 1.7 13.2 350.0 
AuzevilleJ 2012 10 1 275 11.9 21.3 13.0 2.4 0.0 1.2 12.1 350.0 
AuzevilleJ 2012 10 2 276 7.2 23.1 17.0 2.2 0.0 0.6 11.9 350.0 
AuzevilleJ 2012 10 3 277 8.1 24.9 16.7 2.3 0.0 0.8 12.9 350.0 
AuzevilleJ 2012 10 4 278 9.3 22.9 14.0 2.0 0.0 0.7 13.5 350.0 
AuzevilleJ 2012 10 5 279 8.9 25.1 16.5 2.7 0.0 3.3 14.9 350.0 
AuzevilleJ 2012 10 6 280 17.0 25.2 13.2 3.5 0.0 4.2 18.5 350.0 
AuzevilleJ 2012 10 7 281 16.9 22.9 5.0 1.5 0.5 1.1 18.3 350.0 
AuzevilleJ 2012 10 8 282 17.2 27.9 10.6 2.3 0.0 1.3 20.8 350.0 
AuzevilleJ 2012 10 9 283 18.7 25.3 10.1 2.5 0.0 1.7 19.0 350.0 
AuzevilleJ 2012 10 10 284 13.8 24.9 12.6 2.0 0.0 0.7 16.6 350.0 
AuzevilleJ 2012 10 11 285 14.9 23.9 8.7 2.0 2.0 1.7 16.9 350.0 
AuzevilleJ 2012 10 12 286 14.1 18.6 7.9 1.9 1.0 1.9 13.9 350.0 
AuzevilleJ 2012 10 13 287 5.5 19.5 12.6 1.6 0.0 1.1 10.3 350.0 
AuzevilleJ 2012 10 14 288 6.3 19.6 4.8 1.6 11.5 2.1 11.6 350.0 
AuzevilleJ 2012 10 15 289 9.2 16.5 13.1 1.9 0.0 2.0 11.0 350.0 
AuzevilleJ 2012 10 16 290 4.6 20.0 10.6 1.5 0.0 1.6 9.9 350.0 
AuzevilleJ 2012 10 17 291 13.7 22.9 9.9 3.2 0.0 5.6 14.3 350.0 
AuzevilleJ 2012 10 18 292 18.8 21.9 6.1 4.4 0.0 10.5 17.9 350.0 
AuzevilleJ 2012 10 19 293 17.1 23.3 9.2 3.5 1.5 7.2 18.7 350.0 
AuzevilleJ 2012 10 20 294 14.4 19.9 1.1 0.6 3.0 2.1 17.4 350.0 
AuzevilleJ 2012 10 21 295 14.8 20.6 5.0 1.2 8.5 1.2 17.4 350.0 
AuzevilleJ 2012 10 22 296 15.2 22.4 8.4 1.5 0.0 0.7 17.8 350.0 
AuzevilleJ 2012 10 23 297 10.3 22.7 11.2 1.3 0.5 0.5 15.2 350.0 
AuzevilleJ 2012 10 24 298 10.9 24.9 12.7 2.3 0.0 3.0 15.4 350.0 
AuzevilleJ 2012 10 25 299 15.9 18.7 4.6 1.8 0.0 4.3 15.4 350.0 
AuzevilleJ 2012 10 26 300 14.8 17.1 2.5 0.8 10.5 2.1 15.8 350.0 
AuzevilleJ 2012 10 27 301 6.6 11.5 4.3 1.7 0.5 4.5 8.5 350.0 
AuzevilleJ 2012 10 28 302 2.6 9.4 12.3 1.7 0.0 4.1 5.9 350.0 
AuzevilleJ 2012 10 29 303 -1.1 12.1 12.6 0.8 0.0 0.8 6.3 350.0 
AuzevilleJ 2012 10 30 304 -1.8 13.4 10.1 0.9 8.5 2.2 6.8 350.0 
AuzevilleJ 2012 10 31 305 6.0 13.3 3.4 0.6 5.0 0.9 10.8 350.0 
AuzevilleJ 2012 11 1 306 2.1 18.1 9.9 1.0 3.5 1.7 9.8 350.0 
AuzevilleJ 2012 11 2 307 8.9 18.7 11.6 1.5 0.5 2.9 11.8 350.0 
AuzevilleJ 2012 11 3 308 10.8 17.0 9.2 1.5 0.0 3.9 12.7 350.0 
AuzevilleJ 2012 11 4 309 9.2 15.5 1.4 0.4 13.0 2.1 12.9 350.0 
AuzevilleJ 2012 11 5 310 8.3 14.6 8.9 1.4 0.0 2.5 9.2 350.0 
AuzevilleJ 2012 11 6 311 9.1 13.2 8.7 1.7 0.0 3.4 8.9 350.0 
AuzevilleJ 2012 11 7 312 1.2 12.0 11.2 0.5 0.0 0.8 7.4 350.0 
AuzevilleJ 2012 11 8 313 1.1 16.1 8.2 0.8 0.0 3.7 8.6 350.0 
AuzevilleJ 2012 11 9 314 8.4 16.8 4.5 0.9 0.0 3.2 12.4 350.0 
AuzevilleJ 2012 11 10 315 10.4 16.5 4.7 0.8 15.5 1.1 13.3 350.0 
AuzevilleJ 2012 11 11 316 8.7 11.5 3.6 0.7 2.0 1.5 10.5 350.0 
AuzevilleJ 2012 11 12 317 5.1 11.5 8.1 0.5 0.5 1.1 9.4 350.0 
AuzevilleJ 2012 11 13 318 1.1 6.8 3.5 0.3 0.0 0.7 7.5 350.0 
AuzevilleJ 2012 11 14 319 2.7 18.3 8.9 0.7 0.0 2.5 10.0 350.0 
AuzevilleJ 2012 11 15 320 7.4 19.3 9.0 0.8 0.0 1.7 11.6 350.0 
AuzevilleJ 2012 11 16 321 10.3 15.6 5.5 1.0 0.0 4.4 12.5 350.0 
AuzevilleJ 2012 11 17 322 13.3 16.5 4.8 1.4 0.0 4.4 13.7 350.0 
AuzevilleJ 2012 11 18 323 12.0 13.5 1.8 0.7 1.5 2.7 12.5 350.0 
AuzevilleJ 2012 11 19 324 7.9 15.5 7.8 0.6 0.0 0.9 11.1 350.0 
AuzevilleJ 2012 11 20 325 2.0 15.3 6.7 0.4 0.5 1.1 9.9 350.0 
AuzevilleJ 2012 11 21 326 7.1 12.6 1.5 0.3 0.0 2.2 10.1 350.0 
AuzevilleJ 2012 11 22 327 5.7 13.2 4.5 0.5 0.5 0.5 10.4 350.0 
AuzevilleJ 2012 11 23 328 3.0 14.7 7.4 0.3 0.0 3.2 9.2 350.0 
AuzevilleJ 2012 11 24 329 10.6 17.0 5.8 1.4 0.0 5.0 12.1 350.0 
AuzevilleJ 2012 11 25 330 11.0 15.8 4.3 0.7 0.0 1.7 12.6 350.0 
AuzevilleJ 2012 11 26 331 8.7 12.9 1.2 0.5 11.0 1.7 11.3 350.0 
AuzevilleJ 2012 11 27 332 7.0 10.5 4.6 0.6 0.0 1.7 9.0 350.0 
AuzevilleJ 2012 11 28 333 6.7 7.8 1.5 0.9 1.0 4.3 8.1 350.0 
AuzevilleJ 2012 11 29 334 5.0 7.0 2.3 1.3 0.0 4.1 6.9 350.0 
AuzevilleJ 2012 11 30 335 0.5 7.1 6.7 0.6 0.0 2.4 5.6 350.0 
AuzevilleJ 2012 12 1 336 -0.4 4.5 7.8 0.4 0.0 2.6 5.5 350.0 
AuzevilleJ 2012 12 2 337 -1.2 10.8 3.4 0.7 5.0 2.7 6.4 350.0 
AuzevilleJ 2012 12 3 338 7.5 13.9 3.5 0.6 5.5 2.7 10.9 350.0 
AuzevilleJ 2012 12 4 339 6.9 10.2 4.8 0.8 11.0 3.4 8.7 350.0 
AuzevilleJ 2012 12 5 340 5.1 9.0 5.2 0.7 4.0 3.6 8.1 350.0 
AuzevilleJ 2012 12 6 341 1.6 8.0 8.2 0.2 0.0 1.4 6.6 350.0 
AuzevilleJ 2012 12 7 342 -1.7 10.1 1.7 0.4 10.5 2.3 6.9 350.0 
AuzevilleJ 2012 12 8 343 5.0 8.5 5.4 0.9 0.0 3.6 7.4 350.0 
AuzevilleJ 2012 12 9 344 2.0 8.3 7.8 0.2 0.0 0.9 6.0 350.0 
AuzevilleJ 2012 12 10 345 -0.9 8.0 4.3 0.3 0.0 1.5 6.4 350.0 
AuzevilleJ 2012 12 11 346 -0.1 5.2 6.3 0.1 0.5 1.1 6.3 350.0 
AuzevilleJ 2012 12 12 347 -3.8 6.1 7.3 0.4 0.0 3.3 4.9 350.0 
AuzevilleJ 2012 12 13 348 2.6 10.7 3.5 0.3 1.0 2.4 8.2 350.0 
AuzevilleJ 2012 12 14 349 7.3 11.8 2.0 0.9 1.5 4.3 9.4 350.0 
AuzevilleJ 2012 12 15 350 5.7 14.9 6.3 0.3 0.0 1.3 10.5 350.0 
AuzevilleJ 2012 12 16 351 5.8 16.1 6.8 0.2 1.5 1.0 10.2 350.0 
AuzevilleJ 2012 12 17 352 9.5 12.9 4.6 0.9 2.0 2.9 10.1 350.0 
AuzevilleJ 2012 12 18 353 7.4 13.6 5.2 0.6 0.0 1.9 10.0 350.0 
AuzevilleJ 2012 12 19 354 4.2 10.8 2.3 0.4 0.0 1.7 9.1 350.0 
AuzevilleJ 2012 12 20 355 7.9 11.8 2.2 0.8 0.5 2.7 9.8 350.0 
AuzevilleJ 2012 12 21 356 7.1 13.7 1.8 0.8 2.0 2.3 10.5 350.0 
AuzevilleJ 2012 12 22 357 7.8 13.5 4.2 0.3 0.0 0.8 11.7 350.0 
AuzevilleJ 2012 12 23 358 2.4 18.0 7.6 0.2 0.0 1.7 10.4 350.0 
AuzevilleJ 2012 12 24 359 9.4 13.5 5.4 1.0 0.0 6.8 11.3 350.0 
AuzevilleJ 2012 12 25 360 10.6 13.2 3.7 0.9 1.5 3.0 11.1 350.0 
AuzevilleJ 2012 12 26 361 8.2 13.6 6.5 0.6 0.0 2.1 10.0 350.0 
AuzevilleJ 2012 12 27 362 5.0 15.6 3.3 1.0 2.0 2.9 8.6 350.0 
AuzevilleJ 2012 12 28 363 9.7 15.3 5.9 0.4 0.0 1.3 12.3 350.0 
AuzevilleJ 2012 12 29 364 3.8 13.3 7.3 0.3 0.0 3.7 8.7 350.0 
AuzevilleJ 2012 12 30 365 8.0 13.2 5.6 0.8 0.0 1.8 9.1 350.0 
AuzevilleJ 2012 12 31 366 0.7 11.9 7.1 0.2 2.0 2.5 7.6 350.0 
