          62 repartir   300.000000       2.34872321E-04   0.00000000       7.82907737E-05   0.00000000     deltai   5.72088698E-04   0.00000000    
          63 repartir   300.000000       4.07524034E-03   5.72088698E-04   1.35841337E-03   0.00000000     deltai   1.01294694E-02   0.00000000    
          63 repartir   250.000000       1.15200943E-04   0.00000000       4.60803785E-05   0.00000000     deltai   3.19781975E-04   0.00000000    
          64 repartir   300.000000       1.45024750E-02   1.07015586E-02   4.83415835E-03   0.00000000     deltai   1.09728044E-02   0.00000000    
          64 repartir   250.000000       3.78134730E-03   3.19781975E-04   1.51253887E-03   0.00000000     deltai   7.21019087E-03   0.00000000    
          65 repartir   300.000000       2.83567384E-02   2.16743629E-02   9.45224613E-03   0.00000000     deltai   1.38311777E-02   0.00000000    
          65 repartir   250.000000       1.00919250E-02   7.52997305E-03   4.03676974E-03   0.00000000     deltai   8.58291797E-03   0.00000000    
          66 repartir   300.000000       3.53868008E-02   3.55055407E-02   1.17955999E-02   0.00000000     deltai   1.57086384E-02   1.18739903E-04
          66 repartir   250.000000       1.35654137E-02   1.61128901E-02   5.42616565E-03   0.00000000     deltai   9.33598168E-03   2.54747644E-03
          67 repartir   300.000000       5.29698022E-02   5.12141809E-02   1.76566020E-02   0.00000000     deltai   7.59920478E-03   0.00000000    
          67 repartir   250.000000       2.50464827E-02   2.54488718E-02   1.00185927E-02   0.00000000     deltai   5.63783152E-03   4.02389094E-04
