angers 2003 1 1 1 8.6 14.6 1.2 -999.9 18.5 4.9 12.7 375.0 
angers 2003 1 2 2 10.4 14.7 2.4 -999.9 11.0 6.5 10.0 375.0 
angers 2003 1 3 3 7.7 10.2 1.6 -999.9 23.0 2.6 10.5 375.0 
angers 2003 1 4 4 2.4 6.0 5.8 -999.9 0.0 3.1 6.8 375.0 
angers 2003 1 5 5 -2.9 3.8 5.7 -999.9 0.5 1.9 5.1 375.0 
angers 2003 1 6 6 -3.3 2.7 6.0 -999.9 0.0 3.1 4.7 375.0 
angers 2003 1 7 7 -4.1 -0.9 4.3 -999.9 0.0 3.1 4.1 375.0 
angers 2003 1 8 8 -4.5 -1.8 4.8 -999.9 0.0 3.9 3.6 375.0 
angers 2003 1 9 9 -6.9 -2.8 5.1 -999.9 0.0 2.8 3.1 375.0 
angers 2003 1 10 10 -7.4 3.7 3.6 -999.9 0.5 1.4 4.1 375.0 
angers 2003 1 11 11 -5.2 0.4 4.8 -999.9 0.0 3.2 3.8 375.0 
angers 2003 1 12 12 -5.1 2.8 6.7 -999.9 0.0 1.9 3.6 375.0 
angers 2003 1 13 13 -7.5 5.2 2.7 -999.9 0.0 1.7 4.8 375.0 
angers 2003 1 14 14 3.6 6.3 1.0 -999.9 0.0 0.9 7.6 375.0 
angers 2003 1 15 15 -3.2 6.4 2.4 -999.9 0.5 1.9 6.2 375.0 
angers 2003 1 16 16 1.5 3.7 2.2 -999.9 0.0 1.5 7.1 375.0 
angers 2003 1 17 17 -1.1 4.6 2.0 -999.9 3.5 2.3 6.8 375.0 
angers 2003 1 18 18 0.2 7.9 3.5 -999.9 1.5 2.6 7.8 375.0 
angers 2003 1 19 19 5.4 12.1 4.7 -999.9 0.5 4.3 8.0 375.0 
angers 2003 1 20 20 7.2 10.1 1.3 -999.9 4.0 5.1 6.4 375.0 
angers 2003 1 21 21 7.3 10.8 3.1 -999.9 6.5 4.1 6.8 375.0 
angers 2003 1 22 22 6.7 11.5 5.1 -999.9 0.5 3.7 9.2 375.0 
angers 2003 1 23 23 3.5 9.6 4.4 -999.9 0.0 2.7 7.8 375.0 
angers 2003 1 24 24 -1.8 9.7 7.7 -999.9 0.5 0.5 7.0 375.0 
angers 2003 1 25 25 -3.3 9.1 4.6 -999.9 0.5 1.4 7.2 375.0 
angers 2003 1 26 26 6.4 9.9 1.8 -999.9 0.5 2.1 10.6 375.0 
angers 2003 1 27 27 8.4 15.2 6.5 -999.9 0.0 2.5 13.1 375.0 
angers 2003 1 28 28 4.7 9.7 6.4 -999.9 1.5 4.0 7.8 375.0 
angers 2003 1 29 29 3.3 7.6 4.4 -999.9 0.0 4.4 6.7 375.0 
angers 2003 1 30 30 -0.7 4.4 2.7 -999.9 5.0 4.6 5.7 375.0 
angers 2003 1 31 31 -0.3 4.7 5.9 -999.9 0.0 3.1 5.4 375.0 
angers 2003 2 1 32 -2.1 6.2 2.0 -999.9 7.0 2.4 5.4 375.0 
angers 2003 2 2 33 2.4 11.4 5.4 -999.9 4.0 3.4 8.8 375.0 
angers 2003 2 3 34 6.2 9.8 1.8 -999.9 16.0 3.8 9.5 375.0 
angers 2003 2 4 35 0.9 6.4 6.1 -999.9 2.5 3.7 6.3 375.0 
angers 2003 2 5 36 0.4 6.3 5.4 -999.9 1.0 2.1 6.5 375.0 
angers 2003 2 6 37 -4.1 7.0 7.0 -999.9 0.0 1.8 5.6 375.0 
angers 2003 2 7 38 3.4 8.1 3.4 -999.9 0.5 1.7 6.9 375.0 
angers 2003 2 8 39 4.8 12.3 9.2 -999.9 0.0 1.1 8.9 375.0 
angers 2003 2 9 40 3.1 10.6 6.1 -999.9 0.5 3.2 8.2 375.0 
angers 2003 2 10 41 3.0 8.3 4.1 -999.9 0.0 1.4 8.1 375.0 
angers 2003 2 11 42 3.9 8.0 4.8 -999.9 1.0 0.8 8.3 375.0 
angers 2003 2 12 43 3.6 8.0 3.0 -999.9 0.0 1.0 8.5 375.0 
angers 2003 2 13 44 -1.4 -0.3 1.5 -999.9 0.0 2.1 4.9 375.0 
angers 2003 2 14 45 -2.3 1.2 3.7 -999.9 0.0 2.0 4.3 375.0 
angers 2003 2 15 46 -3.5 5.1 10.9 -999.9 0.0 1.9 4.7 375.0 
angers 2003 2 16 47 -3.1 3.9 11.3 -999.9 0.0 2.2 4.8 375.0 
angers 2003 2 17 48 -4.1 3.5 11.1 -999.9 0.0 2.2 4.4 375.0 
angers 2003 2 18 49 -6.0 3.9 11.9 -999.9 0.0 1.8 4.2 375.0 
angers 2003 2 19 50 -2.8 5.1 5.3 -999.9 2.0 2.3 5.3 375.0 
angers 2003 2 20 51 1.6 12.0 10.5 -999.9 0.0 1.7 8.1 375.0 
angers 2003 2 21 52 -1.6 14.2 12.4 -999.9 0.0 1.4 7.4 375.0 
angers 2003 2 22 53 2.8 14.1 11.3 -999.9 0.0 2.4 7.5 375.0 
angers 2003 2 23 54 7.8 15.5 8.0 -999.9 4.5 1.7 11.5 375.0 
angers 2003 2 24 55 5.6 15.5 11.7 -999.9 0.0 2.6 9.2 375.0 
angers 2003 2 25 56 6.9 13.8 7.3 -999.9 0.0 2.8 8.3 375.0 
angers 2003 2 26 57 8.8 14.8 7.9 -999.9 0.0 3.2 8.2 375.0 
angers 2003 2 27 58 8.5 13.7 6.5 -999.9 0.0 2.8 10.8 375.0 
angers 2003 2 28 59 7.3 10.5 2.7 -999.9 3.0 3.8 10.5 375.0 
angers 2003 3 1 60 9.5 13.0 4.1 -999.9 11.0 3.5 12.3 375.0 
angers 2003 3 2 61 7.1 12.6 9.8 -999.9 0.0 3.5 9.6 375.0 
angers 2003 3 3 62 4.6 11.2 3.2 -999.9 11.0 2.2 10.1 375.0 
angers 2003 3 4 63 8.9 13.9 5.6 -999.9 0.0 3.0 11.7 375.0 
angers 2003 3 5 64 8.0 15.2 9.4 -999.9 0.0 2.4 10.5 375.0 
angers 2003 3 6 65 3.7 14.1 14.8 -999.9 0.0 2.1 8.9 375.0 
angers 2003 3 7 66 3.8 13.7 10.3 -999.9 0.5 3.3 9.0 375.0 
angers 2003 3 8 67 4.6 13.7 12.4 -999.9 0.0 2.5 8.8 375.0 
angers 2003 3 9 68 3.8 16.9 16.0 -999.9 0.0 2.6 9.4 375.0 
angers 2003 3 10 69 6.1 15.9 7.9 -999.9 0.0 1.6 11.0 375.0 
angers 2003 3 11 70 11.1 19.7 9.8 -999.9 0.0 3.1 11.7 375.0 
angers 2003 3 12 71 9.0 14.8 11.4 -999.9 0.0 2.7 11.1 375.0 
angers 2003 3 13 72 4.5 14.1 15.0 -999.9 0.0 4.0 8.1 375.0 
angers 2003 3 14 73 3.4 12.9 17.4 -999.9 0.0 3.9 5.6 375.0 
angers 2003 3 15 74 2.4 13.8 17.5 -999.9 0.0 3.6 5.7 375.0 
angers 2003 3 16 75 2.2 15.0 17.3 -999.9 0.0 2.5 5.8 375.0 
angers 2003 3 17 76 0.8 17.9 18.2 -999.9 0.0 1.9 5.8 375.0 
angers 2003 3 18 77 3.1 15.1 17.2 -999.9 0.0 2.4 7.0 375.0 
angers 2003 3 19 78 0.7 17.3 17.6 -999.9 0.0 1.0 7.1 375.0 
angers 2003 3 20 79 0.8 17.1 17.6 -999.9 0.0 1.1 7.8 375.0 
angers 2003 3 21 80 2.0 12.8 9.6 -999.9 0.0 1.7 8.4 375.0 
angers 2003 3 22 81 2.1 17.8 17.7 -999.9 0.0 1.9 7.8 375.0 
angers 2003 3 23 82 4.6 19.4 17.7 -999.9 0.0 1.7 8.3 375.0 
angers 2003 3 24 83 7.1 21.9 16.5 -999.9 0.0 1.2 10.6 375.0 
angers 2003 3 25 84 5.2 22.5 17.2 -999.9 0.0 0.7 10.0 375.0 
angers 2003 3 26 85 4.5 22.2 17.2 -999.9 0.0 0.9 8.7 375.0 
angers 2003 3 27 86 7.8 19.9 9.2 -999.9 3.0 1.3 11.7 375.0 
angers 2003 3 28 87 11.6 16.3 8.5 -999.9 1.5 1.5 13.4 375.0 
angers 2003 3 29 88 10.9 17.6 5.9 -999.9 0.0 0.8 14.8 375.0 
angers 2003 3 30 89 9.8 21.4 15.7 -999.9 0.0 2.0 13.8 375.0 
angers 2003 3 31 90 7.5 18.3 18.9 -999.9 0.0 1.9 10.9 375.0 
angers 2003 4 1 91 3.0 17.9 12.4 -999.9 0.0 2.8 9.7 375.0 
angers 2003 4 2 92 7.0 11.4 10.6 -999.9 1.5 3.6 8.7 375.0 
angers 2003 4 3 93 1.6 12.7 14.2 -999.9 0.0 2.8 6.9 375.0 
angers 2003 4 4 94 2.0 15.9 21.3 -999.9 0.0 2.3 7.9 375.0 
angers 2003 4 5 95 5.6 16.4 15.4 -999.9 0.0 2.5 9.7 375.0 
angers 2003 4 6 96 3.8 10.3 7.2 -999.9 0.0 2.4 7.6 375.0 
angers 2003 4 7 97 1.0 11.4 22.6 -999.9 0.0 2.7 5.3 375.0 
angers 2003 4 8 98 -0.9 11.0 21.3 -999.9 0.0 2.8 3.5 375.0 
angers 2003 4 9 99 -1.9 12.5 21.0 -999.9 0.0 2.5 4.3 375.0 
angers 2003 4 10 100 -2.4 10.1 20.1 -999.9 0.0 1.6 5.2 375.0 
angers 2003 4 11 101 -3.1 12.6 16.1 -999.9 0.0 1.8 6.5 375.0 
angers 2003 4 12 102 6.9 18.0 17.5 -999.9 0.0 2.3 9.7 375.0 
angers 2003 4 13 103 8.9 18.2 9.5 -999.9 0.0 2.5 8.1 375.0 
angers 2003 4 14 104 13.0 21.7 18.5 -999.9 0.0 2.0 10.1 375.0 
angers 2003 4 15 105 8.5 22.1 15.7 -999.9 0.0 1.4 9.2 375.0 
angers 2003 4 16 106 6.2 24.8 23.2 -999.9 0.0 1.0 10.4 375.0 
angers 2003 4 17 107 6.4 26.0 22.8 -999.9 0.0 0.7 10.7 375.0 
angers 2003 4 18 108 7.9 25.0 23.8 -999.9 0.0 2.0 7.9 375.0 
angers 2003 4 19 109 7.3 18.1 24.7 -999.9 0.0 2.8 7.0 375.0 
angers 2003 4 20 110 5.5 17.6 11.0 -999.9 0.0 2.1 9.9 375.0 
angers 2003 4 21 111 7.7 18.1 15.2 -999.9 0.0 1.9 10.7 375.0 
angers 2003 4 22 112 4.3 21.3 19.4 -999.9 0.0 0.9 10.3 375.0 
angers 2003 4 23 113 7.2 23.8 23.5 -999.9 0.0 1.8 10.2 375.0 
angers 2003 4 24 114 10.6 21.3 19.6 -999.9 0.0 1.5 12.0 375.0 
angers 2003 4 25 115 11.1 24.6 15.3 -999.9 9.5 1.9 14.1 375.0 
angers 2003 4 26 116 11.9 16.9 13.1 -999.9 4.5 3.1 13.6 375.0 
angers 2003 4 27 117 11.1 17.0 14.1 -999.9 0.0 3.0 12.0 375.0 
angers 2003 4 28 118 13.1 21.5 11.9 -999.9 5.5 3.0 14.6 375.0 
angers 2003 4 29 119 10.2 20.0 21.5 -999.9 0.0 2.6 12.2 375.0 
angers 2003 4 30 120 9.1 16.8 15.3 -999.9 9.5 3.0 11.9 375.0 
angers 2003 5 1 121 9.4 18.4 16.2 -999.9 0.0 3.0 11.4 375.0 
angers 2003 5 2 122 10.1 16.9 19.8 -999.9 0.5 3.7 11.1 375.0 
angers 2003 5 3 123 6.9 19.3 23.7 -999.9 0.0 2.0 10.4 375.0 
angers 2003 5 4 124 6.1 26.7 24.3 -999.9 5.0 2.6 12.5 375.0 
angers 2003 5 5 125 11.9 14.1 3.8 -999.9 1.0 1.5 13.3 375.0 
angers 2003 5 6 126 9.3 16.1 11.0 -999.9 0.0 2.1 11.0 375.0 
angers 2003 5 7 127 6.6 21.2 22.4 -999.9 0.0 2.1 10.3 375.0 
angers 2003 5 8 128 9.5 23.4 16.9 -999.9 1.0 1.1 15.1 375.0 
angers 2003 5 9 129 10.8 16.6 15.1 -999.9 0.0 1.6 12.2 375.0 
angers 2003 5 10 130 4.0 19.7 25.1 -999.9 0.0 1.0 10.0 375.0 
angers 2003 5 11 131 7.7 21.4 21.1 -999.9 0.0 1.5 12.4 375.0 
angers 2003 5 12 132 6.3 17.0 15.1 -999.9 1.0 2.1 10.5 375.0 
angers 2003 5 13 133 5.4 16.5 20.8 -999.9 0.5 1.9 10.3 375.0 
angers 2003 5 14 134 4.7 16.7 19.7 -999.9 0.0 1.4 9.1 375.0 
angers 2003 5 15 135 3.5 19.8 23.5 -999.9 0.0 0.8 8.2 375.0 
angers 2003 5 16 136 5.9 19.7 15.8 -999.9 1.0 1.6 9.6 375.0 
angers 2003 5 17 137 10.0 16.8 7.8 -999.9 6.5 3.1 14.0 375.0 
angers 2003 5 18 138 12.8 18.8 8.0 -999.9 22.5 3.1 16.1 375.0 
angers 2003 5 19 139 12.7 18.6 17.7 -999.9 3.5 3.7 14.6 375.0 
angers 2003 5 20 140 9.5 18.0 24.0 -999.9 0.0 3.0 11.5 375.0 
angers 2003 5 21 141 10.6 15.0 8.6 -999.9 0.0 2.5 12.8 375.0 
angers 2003 5 22 142 12.8 21.9 18.0 -999.9 0.0 2.3 16.0 375.0 
angers 2003 5 23 143 9.1 22.8 23.7 -999.9 7.0 1.9 13.8 375.0 
angers 2003 5 24 144 11.3 14.5 8.8 -999.9 9.0 1.6 13.7 375.0 
angers 2003 5 25 145 9.3 18.1 20.2 -999.9 0.0 1.8 12.5 375.0 
angers 2003 5 26 146 6.3 18.7 27.8 -999.9 0.0 1.4 10.7 375.0 
angers 2003 5 27 147 6.8 22.2 29.4 -999.9 0.0 1.1 11.2 375.0 
angers 2003 5 28 148 9.9 25.8 27.6 -999.9 0.0 1.4 14.7 375.0 
angers 2003 5 29 149 12.9 28.5 25.7 -999.9 0.0 1.0 17.3 375.0 
angers 2003 5 30 150 15.2 29.8 24.8 -999.9 0.0 0.7 18.5 375.0 
angers 2003 5 31 151 14.3 30.8 22.5 -999.9 0.0 0.9 19.4 375.0 
angers 2003 6 1 152 16.7 25.7 22.8 -999.9 0.5 1.6 19.1 375.0 
angers 2003 6 2 153 13.4 22.8 21.1 -999.9 0.0 2.0 15.4 375.0 
angers 2003 6 3 154 14.2 25.2 20.1 -999.9 13.5 1.5 17.9 375.0 
angers 2003 6 4 155 13.8 24.2 20.0 -999.9 0.0 1.9 18.0 375.0 
angers 2003 6 5 156 12.4 23.8 24.3 -999.9 0.0 1.0 14.7 375.0 
angers 2003 6 6 157 10.5 25.2 28.1 -999.9 0.0 1.2 14.3 375.0 
angers 2003 6 7 158 11.8 27.9 29.6 -999.9 0.0 0.9 16.4 375.0 
angers 2003 6 8 159 16.8 23.3 25.6 -999.9 0.0 2.4 15.5 375.0 
angers 2003 6 9 160 8.7 26.7 29.0 -999.9 0.0 1.2 13.0 375.0 
angers 2003 6 10 161 16.1 25.3 20.6 -999.9 0.0 2.1 17.6 375.0 
angers 2003 6 11 162 14.2 28.5 28.6 -999.9 0.0 1.1 17.3 375.0 
angers 2003 6 12 163 15.7 28.1 23.3 -999.9 0.0 1.9 17.6 375.0 
angers 2003 6 13 164 15.7 28.6 24.5 -999.9 0.5 1.9 16.5 375.0 
angers 2003 6 14 165 17.8 30.4 16.8 -999.9 1.0 1.2 22.8 375.0 
angers 2003 6 15 166 18.3 30.2 25.5 -999.9 0.0 1.5 22.4 375.0 
angers 2003 6 16 167 16.8 29.7 19.7 -999.9 0.0 1.6 20.2 375.0 
angers 2003 6 17 168 17.4 26.2 21.9 -999.9 0.0 2.6 18.0 375.0 
angers 2003 6 18 169 12.5 26.0 30.3 -999.9 0.0 2.0 13.8 375.0 
angers 2003 6 19 170 14.0 27.9 24.0 -999.9 0.0 1.3 18.8 375.0 
angers 2003 6 20 171 16.2 29.0 28.2 -999.9 0.0 1.7 19.2 375.0 
angers 2003 6 21 172 12.6 32.0 30.9 -999.9 0.0 1.7 13.2 375.0 
angers 2003 6 22 173 14.4 37.5 29.8 -999.9 0.0 2.1 19.1 375.0 
angers 2003 6 23 174 16.5 27.6 19.3 -999.9 0.0 1.6 17.5 375.0 
angers 2003 6 24 175 12.7 29.1 28.5 -999.9 0.0 1.8 14.1 375.0 
angers 2003 6 25 176 16.2 32.3 25.1 -999.9 0.0 1.8 19.7 375.0 
angers 2003 6 26 177 16.2 24.6 12.4 -999.9 0.0 1.9 17.5 375.0 
angers 2003 6 27 178 13.1 25.7 19.5 -999.9 0.0 1.8 15.5 375.0 
angers 2003 6 28 179 11.5 28.1 24.0 -999.9 0.0 1.2 14.8 375.0 
angers 2003 6 29 180 14.1 32.9 23.0 -999.9 6.5 2.2 18.2 375.0 
angers 2003 6 30 181 13.9 22.4 13.1 -999.9 19.0 2.3 17.9 375.0 
angers 2003 7 1 182 13.8 21.4 18.6 -999.9 21.0 3.2 16.9 375.0 
angers 2003 7 2 183 13.2 22.9 18.5 -999.9 1.5 2.2 16.6 375.0 
angers 2003 7 3 184 12.9 23.7 20.0 -999.9 3.5 1.8 16.8 375.0 
angers 2003 7 4 185 13.2 21.6 18.5 -999.9 0.5 1.5 14.5 375.0 
angers 2003 7 5 186 13.9 22.7 16.1 -999.9 0.0 0.9 14.7 375.0 
angers 2003 7 6 187 12.4 25.6 22.1 -999.9 0.0 1.2 14.7 375.0 
angers 2003 7 7 188 13.5 27.7 24.0 -999.9 0.0 1.2 15.8 375.0 
angers 2003 7 8 189 14.4 28.8 25.6 -999.9 0.0 1.4 16.2 375.0 
angers 2003 7 9 190 15.9 30.2 29.2 -999.9 0.0 1.1 17.2 375.0 
angers 2003 7 10 191 14.8 32.2 28.8 -999.9 0.0 0.8 16.5 375.0 
angers 2003 7 11 192 16.2 31.0 29.1 -999.9 0.0 1.8 18.9 375.0 
angers 2003 7 12 193 13.8 30.5 30.3 -999.9 0.0 1.5 14.9 375.0 
angers 2003 7 13 194 14.9 33.1 30.6 -999.9 0.0 1.3 14.3 375.0 
angers 2003 7 14 195 16.0 35.0 28.9 -999.9 0.0 1.3 17.9 375.0 
angers 2003 7 15 196 17.4 32.5 20.1 -999.9 60.0 1.8 24.6 375.0 
angers 2003 7 16 197 16.4 21.4 8.8 -999.9 5.0 2.7 20.1 375.0 
angers 2003 7 17 198 13.6 25.1 26.2 -999.9 0.0 2.4 15.3 375.0 
angers 2003 7 18 199 12.6 29.2 29.6 -999.9 0.0 1.1 16.1 375.0 
angers 2003 7 19 200 14.6 29.2 25.7 -999.9 0.0 1.5 17.6 375.0 
angers 2003 7 20 201 15.4 24.4 19.3 -999.9 0.0 1.2 16.7 375.0 
angers 2003 7 21 202 14.3 26.0 23.6 -999.9 0.0 1.6 16.5 375.0 
angers 2003 7 22 203 13.5 25.9 21.4 -999.9 0.0 1.3 16.5 375.0 
angers 2003 7 23 204 14.0 24.8 19.6 -999.9 0.5 1.9 16.9 375.0 
angers 2003 7 24 205 15.5 24.4 17.2 -999.9 0.0 2.0 17.0 375.0 
angers 2003 7 25 206 14.2 22.0 8.4 -999.9 4.5 3.0 17.4 375.0 
angers 2003 7 26 207 17.2 20.6 5.1 -999.9 36.0 2.6 20.7 375.0 
angers 2003 7 27 208 16.0 23.8 21.8 -999.9 0.0 2.0 17.4 375.0 
angers 2003 7 28 209 12.3 24.0 19.0 -999.9 0.0 1.7 15.4 375.0 
angers 2003 7 29 210 13.5 25.1 14.9 -999.9 1.0 2.5 18.6 375.0 
angers 2003 7 30 211 17.7 23.4 19.0 -999.9 0.0 2.3 18.6 375.0 
angers 2003 7 31 212 13.7 24.0 19.8 -999.9 0.0 1.0 16.7 375.0 
angers 2003 8 1 213 11.6 28.3 27.8 -999.9 0.0 0.7 16.5 375.0 
angers 2003 8 2 214 14.0 30.6 27.6 -999.9 0.0 0.8 18.0 375.0 
angers 2003 8 3 215 15.8 33.7 26.5 -999.9 0.0 0.9 21.8 375.0 
angers 2003 8 4 216 19.1 37.3 25.1 -999.9 0.0 1.2 22.6 375.0 
angers 2003 8 5 217 19.8 38.3 25.5 -999.9 0.0 0.9 22.9 375.0 
angers 2003 8 6 218 19.4 36.2 25.0 -999.9 0.0 1.4 25.0 375.0 
angers 2003 8 7 219 18.2 35.7 24.8 -999.9 0.0 1.5 23.5 375.0 
angers 2003 8 8 220 18.5 36.3 23.9 -999.9 0.0 0.8 24.1 375.0 
angers 2003 8 9 221 21.7 37.9 24.3 -999.9 0.0 1.0 24.3 375.0 
angers 2003 8 10 222 20.1 38.6 24.5 -999.9 0.0 0.9 22.5 375.0 
angers 2003 8 11 223 18.8 35.6 23.1 -999.9 0.0 1.2 24.2 375.0 
angers 2003 8 12 224 19.3 33.3 22.2 -999.9 0.0 1.2 25.3 375.0 
angers 2003 8 13 225 18.2 35.0 22.6 -999.9 0.0 0.9 23.7 375.0 
angers 2003 8 14 226 21.3 28.5 16.1 -999.9 0.0 2.1 20.8 375.0 
angers 2003 8 15 227 20.7 27.9 16.7 -999.9 0.0 1.3 19.7 375.0 
angers 2003 8 16 228 18.4 26.6 11.4 -999.9 0.0 0.9 19.3 375.0 
angers 2003 8 17 229 18.9 27.0 10.6 -999.9 5.5 1.4 20.4 375.0 
angers 2003 8 18 230 17.1 27.1 20.8 -999.9 0.0 1.9 18.6 375.0 
angers 2003 8 19 231 14.0 27.8 22.1 -999.9 0.0 1.2 17.0 375.0 
angers 2003 8 20 232 13.0 26.4 21.1 -999.9 0.0 1.4 13.5 375.0 
angers 2003 8 21 233 11.0 27.6 24.0 -999.9 0.0 0.9 14.3 375.0 
angers 2003 8 22 234 11.7 28.5 23.9 -999.9 0.0 1.0 14.8 375.0 
angers 2003 8 23 235 15.2 29.5 23.1 -999.9 0.0 1.3 17.0 375.0 
angers 2003 8 24 236 15.1 30.5 22.7 -999.9 0.0 1.6 17.8 375.0 
angers 2003 8 25 237 14.5 28.6 22.7 -999.9 0.0 1.2 14.1 375.0 
angers 2003 8 26 238 12.8 29.4 15.3 -999.9 0.0 1.1 15.3 375.0 
angers 2003 8 27 239 14.4 32.6 20.2 -999.9 0.0 0.9 17.9 375.0 
angers 2003 8 28 240 15.7 24.5 8.5 -999.9 29.0 0.7 19.7 375.0 
angers 2003 8 29 241 13.7 24.7 19.7 -999.9 0.5 2.1 18.7 375.0 
angers 2003 8 30 242 12.9 21.6 16.9 -999.9 0.5 1.2 15.5 375.0 
angers 2003 8 31 243 7.8 22.5 21.7 -999.9 0.0 0.6 12.0 375.0 
angers 2003 9 1 244 8.6 23.6 14.4 -999.9 0.0 1.1 12.1 375.0 
angers 2003 9 2 245 9.7 22.6 16.2 -999.9 0.0 1.4 11.7 375.0 
angers 2003 9 3 246 9.4 23.5 18.0 -999.9 0.0 1.8 11.6 375.0 
angers 2003 9 4 247 8.1 28.1 18.0 -999.9 1.5 1.3 11.0 375.0 
angers 2003 9 5 248 15.4 24.1 9.9 -999.9 4.0 1.3 19.1 375.0 
angers 2003 9 6 249 12.7 23.3 15.0 -999.9 3.0 1.4 14.8 375.0 
angers 2003 9 7 250 10.3 22.9 12.2 -999.9 9.5 1.1 13.0 375.0 
angers 2003 9 8 251 12.7 20.1 4.7 -999.9 23.0 1.9 16.8 375.0 
angers 2003 9 9 252 12.6 22.5 14.4 -999.9 0.0 2.7 15.4 375.0 
angers 2003 9 10 253 12.1 22.7 7.8 -999.9 0.0 2.4 16.1 375.0 
angers 2003 9 11 254 13.6 20.4 7.3 -999.9 0.0 1.4 16.1 375.0 
angers 2003 9 12 255 15.9 24.4 14.9 -999.9 0.0 1.0 18.4 375.0 
angers 2003 9 13 256 13.5 24.2 15.2 -999.9 0.0 1.1 17.2 375.0 
angers 2003 9 14 257 10.3 24.1 16.9 -999.9 0.0 1.4 12.4 375.0 
angers 2003 9 15 258 8.6 26.4 15.8 -999.9 0.0 0.6 13.8 375.0 
angers 2003 9 16 259 9.0 27.4 15.8 -999.9 0.0 0.5 15.5 375.0 
angers 2003 9 17 260 9.9 29.6 15.1 -999.9 0.0 0.6 15.6 375.0 
angers 2003 9 18 261 10.5 30.4 14.7 -999.9 0.0 0.8 16.1 375.0 
angers 2003 9 19 262 10.3 31.4 14.8 -999.9 0.0 0.6 16.7 375.0 
angers 2003 9 20 263 11.0 29.5 14.7 -999.9 0.0 1.3 13.8 375.0 
angers 2003 9 21 264 11.0 30.9 13.6 -999.9 0.0 1.2 17.3 375.0 
angers 2003 9 22 265 14.9 23.2 9.5 -999.9 7.5 3.1 18.5 375.0 
angers 2003 9 23 266 8.5 19.2 9.5 -999.9 0.0 1.5 11.7 375.0 
angers 2003 9 24 267 4.5 17.9 14.7 -999.9 0.0 1.6 9.0 375.0 
angers 2003 9 25 268 3.7 21.4 14.4 -999.9 0.0 0.7 10.6 375.0 
angers 2003 9 26 269 5.5 22.9 12.8 -999.9 0.0 0.5 11.6 375.0 
angers 2003 9 27 270 6.8 23.0 13.8 -999.9 0.0 0.6 13.0 375.0 
angers 2003 9 28 271 11.0 18.7 8.8 -999.9 1.0 1.2 13.3 375.0 
angers 2003 9 29 272 9.0 21.2 11.4 -999.9 0.0 0.9 12.2 375.0 
angers 2003 9 30 273 11.7 23.0 9.6 -999.9 3.5 1.7 11.9 375.0 
angers 2003 10 1 274 13.1 23.2 9.1 -999.9 5.0 1.3 17.1 375.0 
angers 2003 10 2 275 14.6 23.7 10.4 -999.9 17.5 1.2 17.5 375.0 
angers 2003 10 3 276 13.7 19.4 4.3 -999.9 10.0 2.2 17.5 375.0 
angers 2003 10 4 277 11.3 15.5 4.4 -999.9 0.5 2.2 13.2 375.0 
angers 2003 10 5 278 6.9 14.3 9.5 -999.9 0.0 2.6 9.3 375.0 
angers 2003 10 6 279 5.1 16.6 5.6 -999.9 5.5 2.6 10.5 375.0 
angers 2003 10 7 280 11.3 16.4 3.2 -999.9 1.0 3.5 13.4 375.0 
angers 2003 10 8 281 10.9 17.9 4.3 -999.9 0.0 1.9 14.6 375.0 
angers 2003 10 9 282 10.9 18.2 7.2 -999.9 0.0 1.3 13.7 375.0 
angers 2003 10 10 283 12.3 16.3 5.2 -999.9 0.0 0.9 12.5 375.0 
angers 2003 10 11 284 9.1 19.3 10.1 -999.9 0.0 1.4 12.9 375.0 
angers 2003 10 12 285 8.2 19.7 8.9 -999.9 0.0 1.3 13.2 375.0 
angers 2003 10 13 286 11.7 19.2 3.2 -999.9 1.0 0.7 16.5 375.0 
angers 2003 10 14 287 14.3 18.8 2.7 -999.9 0.5 1.0 17.7 375.0 
angers 2003 10 15 288 7.7 17.0 9.8 -999.9 0.0 1.9 10.9 375.0 
angers 2003 10 16 289 3.5 14.8 8.7 -999.9 0.0 1.7 8.8 375.0 
angers 2003 10 17 290 2.9 14.2 9.1 -999.9 0.0 1.3 9.0 375.0 
angers 2003 10 18 291 6.9 16.5 7.7 -999.9 0.0 1.7 9.8 375.0 
angers 2003 10 19 292 6.2 10.9 2.7 -999.9 7.0 1.7 9.5 375.0 
angers 2003 10 20 293 6.2 10.0 3.4 -999.9 2.0 2.0 9.7 375.0 
angers 2003 10 21 294 4.0 13.0 8.8 -999.9 0.0 1.4 8.5 375.0 
angers 2003 10 22 295 4.5 8.7 2.2 -999.9 2.5 1.8 9.2 375.0 
angers 2003 10 23 296 -0.3 5.6 2.5 -999.9 0.5 1.9 6.9 375.0 
angers 2003 10 24 297 -1.3 9.8 8.6 -999.9 0.0 1.3 6.6 375.0 
angers 2003 10 25 298 -2.3 11.4 7.1 -999.9 0.0 0.4 7.9 375.0 
angers 2003 10 26 299 -1.9 13.1 5.8 -999.9 0.0 0.7 8.1 375.0 
angers 2003 10 27 300 1.0 9.9 4.1 -999.9 0.0 1.1 8.5 375.0 
angers 2003 10 28 301 2.1 7.8 6.2 -999.9 0.0 1.4 7.9 375.0 
angers 2003 10 29 302 -0.6 11.8 3.7 -999.9 5.5 2.4 8.6 375.0 
angers 2003 10 30 303 5.5 13.0 2.5 -999.9 12.0 3.4 10.8 375.0 
angers 2003 10 31 304 8.5 13.5 5.4 -999.9 19.0 1.8 12.2 375.0 
angers 2003 11 1 305 7.0 13.7 8.7 -999.9 0.5 1.6 10.9 375.0 
angers 2003 11 2 306 6.8 14.6 3.1 -999.9 15.0 4.4 12.0 375.0 
angers 2003 11 3 307 11.2 16.7 7.7 -999.9 0.5 3.6 13.2 375.0 
angers 2003 11 4 308 4.0 13.9 4.7 -999.9 0.0 1.0 11.1 375.0 
angers 2003 11 5 309 6.8 16.2 7.5 -999.9 0.0 1.8 12.1 375.0 
angers 2003 11 6 310 5.9 16.7 7.2 -999.9 0.0 0.9 11.0 375.0 
angers 2003 11 7 311 4.1 13.0 8.6 -999.9 0.0 2.1 8.9 375.0 
angers 2003 11 8 312 0.4 10.7 7.8 -999.9 7.0 1.1 7.9 375.0 
angers 2003 11 9 313 5.2 11.0 1.9 -999.9 7.0 1.2 10.5 375.0 
angers 2003 11 10 314 3.8 12.4 4.3 -999.9 0.0 1.0 10.8 375.0 
angers 2003 11 11 315 9.3 11.7 2.4 -999.9 4.0 1.1 12.7 375.0 
angers 2003 11 12 316 9.0 15.0 6.3 -999.9 0.0 1.7 13.2 375.0 
angers 2003 11 13 317 2.2 11.6 4.8 -999.9 0.5 1.5 9.5 375.0 
angers 2003 11 14 318 7.8 15.1 5.2 -999.9 0.0 2.7 11.6 375.0 
angers 2003 11 15 319 6.9 9.4 1.7 -999.9 13.5 1.8 10.5 375.0 
angers 2003 11 16 320 4.8 9.3 2.8 -999.9 2.5 1.9 9.5 375.0 
angers 2003 11 17 321 -0.1 12.3 7.0 -999.9 0.0 1.5 8.4 375.0 
angers 2003 11 18 322 8.9 13.0 2.0 -999.9 0.5 2.2 12.5 375.0 
angers 2003 11 19 323 10.4 12.6 2.0 -999.9 0.0 0.9 12.3 375.0 
angers 2003 11 20 324 7.4 10.4 2.1 -999.9 0.0 1.8 10.8 375.0 
angers 2003 11 21 325 9.0 13.2 2.4 -999.9 0.0 1.7 12.5 375.0 
angers 2003 11 22 326 10.2 17.9 4.9 -999.9 0.0 2.6 13.0 375.0 
angers 2003 11 23 327 12.3 15.8 2.9 -999.9 14.5 1.2 14.3 375.0 
angers 2003 11 24 328 10.1 12.1 1.7 -999.9 0.5 1.4 13.1 375.0 
angers 2003 11 25 329 7.5 12.6 4.8 -999.9 0.5 3.0 10.5 375.0 
angers 2003 11 26 330 6.9 12.0 1.4 -999.9 13.0 3.9 11.1 375.0 
angers 2003 11 27 331 3.6 9.9 5.8 -999.9 0.0 1.6 9.1 375.0 
angers 2003 11 28 332 0.0 11.4 5.9 -999.9 1.0 1.3 8.2 375.0 
angers 2003 11 29 333 4.8 13.3 1.2 -999.9 6.5 3.1 11.2 375.0 
angers 2003 11 30 334 8.4 10.9 1.2 -999.9 13.0 2.0 11.9 375.0 
angers 2003 12 1 335 6.6 9.1 1.4 -999.9 1.0 2.6 10.2 375.0 
angers 2003 12 2 336 2.6 7.8 2.2 -999.9 0.5 1.2 8.8 375.0 
angers 2003 12 3 337 3.0 9.1 1.6 -999.9 1.5 2.1 9.3 375.0 
angers 2003 12 4 338 6.1 7.4 1.2 -999.9 0.0 3.5 9.0 375.0 
angers 2003 12 5 339 4.6 6.2 2.2 -999.9 0.0 2.4 8.7 375.0 
angers 2003 12 6 340 3.3 6.4 0.8 -999.9 0.0 2.8 8.5 375.0 
angers 2003 12 7 341 -0.2 4.8 5.8 -999.9 0.0 3.6 5.6 375.0 
angers 2003 12 8 342 -1.6 9.8 3.8 -999.9 0.0 1.6 7.1 375.0 
angers 2003 12 9 343 -0.2 9.2 5.2 -999.9 0.0 0.8 7.7 375.0 
angers 2003 12 10 344 -3.5 3.5 1.9 -999.9 0.0 0.7 6.1 375.0 
angers 2003 12 11 345 0.0 12.3 1.2 -999.9 2.5 3.2 9.4 375.0 
angers 2003 12 12 346 11.3 13.0 1.7 -999.9 0.0 2.0 14.2 375.0 
angers 2003 12 13 347 11.0 13.7 1.5 -999.9 0.5 4.5 13.6 375.0 
angers 2003 12 14 348 6.2 10.9 2.6 -999.9 0.0 2.8 9.7 375.0 
angers 2003 12 15 349 3.2 9.8 5.0 -999.9 0.0 1.1 8.4 375.0 
angers 2003 12 16 350 -3.0 6.3 5.1 -999.9 0.5 1.4 6.1 375.0 
angers 2003 12 17 351 1.2 8.3 5.1 -999.9 0.0 1.9 6.9 375.0 
angers 2003 12 18 352 -1.6 10.0 4.2 -999.9 0.0 1.2 7.2 375.0 
angers 2003 12 19 353 4.8 11.2 1.3 -999.9 0.0 1.3 10.4 375.0 
angers 2003 12 20 354 8.3 12.8 0.8 -999.9 4.0 3.9 12.5 375.0 
angers 2003 12 21 355 5.4 9.7 4.6 -999.9 1.5 3.8 8.9 375.0 
angers 2003 12 22 356 0.8 5.1 4.8 -999.9 0.0 3.1 6.3 375.0 
angers 2003 12 23 357 0.4 9.3 2.1 -999.9 1.0 2.2 8.0 375.0 
angers 2003 12 24 358 7.9 10.8 1.8 -999.9 0.0 1.2 11.4 375.0 
angers 2003 12 25 359 7.8 9.3 1.2 -999.9 0.0 1.4 10.1 375.0 
angers 2003 12 26 360 6.0 11.8 1.9 -999.9 9.5 3.9 10.3 375.0 
angers 2003 12 27 361 6.4 11.6 3.9 -999.9 15.0 4.7 10.6 375.0 
angers 2003 12 28 362 3.6 7.9 3.1 -999.9 1.0 5.0 8.0 375.0 
angers 2003 12 29 363 1.8 5.6 0.5 -999.9 11.0 3.8 7.3 375.0 
angers 2003 12 30 364 -1.3 5.9 4.9 -999.9 0.0 0.7 6.9 375.0 
angers 2003 12 31 365 -2.4 7.3 5.8 -999.9 1.5 0.9 6.8 375.0 
