Auzeville 2007 1 1 1 6.3 12.6 2.7 0.4 2.5 2.1 10.5 330.0 
Auzeville 2007 1 2 2 7.5 12.0 5.4 0.9 3.5 4.2 9.8 330.0 
Auzeville 2007 1 3 3 6.4 11.3 7.0 0.2 0.0 1.1 10.0 330.0 
Auzeville 2007 1 4 4 1.5 13.2 3.0 0.3 1.0 2.7 8.6 330.0 
Auzeville 2007 1 5 5 8.9 12.9 4.5 0.5 0.0 1.9 11.2 330.0 
Auzeville 2007 1 6 6 3.9 14.2 4.7 0.2 1.0 0.6 10.7 330.0 
Auzeville 2007 1 7 7 8.9 15.5 5.4 0.4 0.0 0.8 12.8 330.0 
Auzeville 2007 1 8 8 6.2 14.3 3.4 0.4 1.5 1.8 10.7 330.0 
Auzeville 2007 1 9 9 7.1 16.8 7.1 0.3 0.0 1.1 11.7 330.0 
Auzeville 2007 1 10 10 5.1 16.2 6.8 0.2 0.0 1.6 10.8 330.0 
Auzeville 2007 1 11 11 4.6 14.9 6.0 0.3 0.0 1.4 10.0 330.0 
Auzeville 2007 1 12 12 9.5 13.5 3.3 0.5 0.0 1.7 11.5 330.0 
Auzeville 2007 1 13 13 7.4 11.1 2.8 0.3 0.5 0.8 11.2 330.0 
Auzeville 2007 1 14 14 8.0 13.6 4.2 0.5 0.0 0.8 11.0 330.0 
Auzeville 2007 1 15 15 2.6 13.1 6.4 0.2 0.0 2.8 9.3 330.0 
Auzeville 2007 1 16 16 6.4 12.1 4.9 0.4 0.0 1.0 10.5 330.0 
Auzeville 2007 1 17 17 1.0 17.9 8.1 0.3 0.0 0.7 9.9 330.0 
Auzeville 2007 1 18 18 2.8 19.3 5.9 0.7 0.0 1.7 10.0 330.0 
Auzeville 2007 1 19 19 14.2 15.8 2.3 1.2 0.0 3.1 13.8 330.0 
Auzeville 2007 1 20 20 10.0 14.1 2.4 0.6 0.0 0.9 12.2 330.0 
Auzeville 2007 1 21 21 8.0 11.0 2.4 0.6 0.5 1.5 10.1 330.0 
Auzeville 2007 1 22 22 0.7 11.7 4.9 0.5 5.5 1.9 8.5 330.0 
Auzeville 2007 1 23 23 -0.6 4.4 1.6 0.5 1.0 5.8 6.2 330.0 
Auzeville 2007 1 24 24 -1.1 4.7 6.5 0.7 0.0 3.2 5.6 330.0 
Auzeville 2007 1 25 25 -1.6 4.9 6.1 0.6 0.0 1.4 4.9 330.0 
Auzeville 2007 1 26 26 -4.7 1.3 9.5 0.4 0.0 2.5 4.2 330.0 
Auzeville 2007 1 27 27 -6.4 4.0 9.8 0.3 0.0 1.5 4.6 330.0 
Auzeville 2007 1 28 28 -6.5 1.5 4.1 0.2 0.0 0.9 4.8 330.0 
Auzeville 2007 1 29 29 -3.2 -0.5 3.0 0.2 0.0 1.0 5.2 330.0 
Auzeville 2007 1 30 30 -3.9 5.9 7.9 0.3 0.0 1.3 6.4 330.0 
Auzeville 2007 1 31 31 -1.2 5.6 4.0 0.3 0.0 1.0 6.9 330.0 
Auzeville 2007 2 1 32 3.1 4.2 2.0 0.3 0.0 1.7 7.4 330.0 
Auzeville 2007 2 2 33 1.5 6.2 2.9 0.4 0.0 0.5 7.2 330.0 
Auzeville 2007 2 3 34 -0.2 11.0 7.6 0.5 0.0 0.7 8.2 330.0 
Auzeville 2007 2 4 35 -1.3 11.5 6.3 0.5 0.0 1.6 8.1 330.0 
Auzeville 2007 2 5 36 2.6 14.2 7.0 0.6 2.0 1.4 9.4 330.0 
Auzeville 2007 2 6 37 6.8 10.0 3.2 0.6 1.5 1.6 10.2 330.0 
Auzeville 2007 2 7 38 3.8 12.0 5.2 1.0 1.0 2.7 8.7 330.0 
Auzeville 2007 2 8 39 4.3 11.3 3.3 0.6 2.5 1.9 9.2 330.0 
Auzeville 2007 2 9 40 0.7 12.8 7.2 0.8 3.0 3.0 8.3 330.0 
Auzeville 2007 2 10 41 2.9 12.6 7.2 0.8 6.0 3.1 8.9 330.0 
Auzeville 2007 2 11 42 5.9 16.7 7.7 0.9 1.5 1.6 11.1 330.0 
Auzeville 2007 2 12 43 8.4 11.8 3.7 1.3 12.5 3.9 10.1 330.0 
Auzeville 2007 2 13 44 6.9 13.9 12.1 1.3 0.0 2.0 9.3 330.0 
Auzeville 2007 2 14 45 5.7 14.3 3.8 1.5 0.0 5.8 9.8 330.0 
Auzeville 2007 2 15 46 1.8 16.7 13.6 1.3 0.0 1.6 8.3 330.0 
Auzeville 2007 2 16 47 1.4 15.9 12.1 2.0 0.0 6.7 6.9 330.0 
Auzeville 2007 2 17 48 10.9 13.0 2.9 2.0 0.5 6.1 10.9 330.0 
Auzeville 2007 2 18 49 6.1 8.7 3.5 0.6 6.0 0.8 9.3 330.0 
Auzeville 2007 2 19 50 4.1 14.9 13.3 1.0 0.0 0.9 10.0 330.0 
Auzeville 2007 2 20 51 0.9 14.6 10.6 0.9 0.0 2.2 9.3 330.0 
Auzeville 2007 2 21 52 6.1 11.3 4.0 0.7 0.0 1.0 10.1 330.0 
Auzeville 2007 2 22 53 3.6 13.0 5.8 0.7 0.5 1.4 10.1 330.0 
Auzeville 2007 2 23 54 5.5 18.7 13.5 1.6 2.5 2.0 11.1 330.0 
Auzeville 2007 2 24 55 7.9 13.9 6.7 1.0 2.0 2.6 11.1 330.0 
Auzeville 2007 2 25 56 6.9 12.6 5.4 1.2 10.0 3.8 10.0 330.0 
Auzeville 2007 2 26 57 7.2 11.3 5.6 1.2 8.0 4.6 10.3 330.0 
Auzeville 2007 2 27 58 8.6 15.7 6.5 1.2 0.5 1.8 12.5 330.0 
Auzeville 2007 2 28 59 6.1 16.5 7.6 1.3 1.0 2.3 11.4 330.0 
Auzeville 2007 3 1 60 4.1 16.7 10.5 1.4 0.0 1.4 8.8 330.0 
Auzeville 2007 3 2 61 7.7 16.9 9.0 1.5 0.0 2.9 10.9 330.0 
Auzeville 2007 3 3 62 11.2 16.1 5.5 1.1 1.5 1.3 13.7 330.0 
Auzeville 2007 3 4 63 7.4 20.0 13.6 2.3 0.5 3.9 12.7 330.0 
Auzeville 2007 3 5 64 9.4 15.6 12.6 2.1 0.0 2.0 10.3 330.0 
Auzeville 2007 3 6 65 4.6 13.4 7.2 1.3 2.5 3.0 9.1 330.0 
Auzeville 2007 3 7 66 7.3 14.3 7.5 1.6 8.0 2.7 10.6 330.0 
Auzeville 2007 3 8 67 7.8 13.0 8.2 2.1 0.5 4.6 9.7 330.0 
Auzeville 2007 3 9 68 4.0 12.3 10.9 1.6 0.0 3.6 8.4 330.0 
Auzeville 2007 3 10 69 4.7 13.5 17.3 2.8 0.0 4.7 7.6 330.0 
Auzeville 2007 3 11 70 3.8 15.0 17.8 2.3 0.0 2.4 7.8 330.0 
Auzeville 2007 3 12 71 0.2 17.5 18.1 2.0 0.0 1.1 7.3 330.0 
Auzeville 2007 3 13 72 0.7 18.7 17.7 2.1 0.0 1.1 7.7 330.0 
Auzeville 2007 3 14 73 3.5 17.9 16.1 1.9 0.0 1.3 9.8 330.0 
Auzeville 2007 3 15 74 2.2 20.2 17.3 2.1 0.0 1.0 9.3 330.0 
Auzeville 2007 3 16 75 6.8 16.9 12.5 2.1 0.0 2.5 10.1 330.0 
Auzeville 2007 3 17 76 6.4 15.9 18.8 2.9 0.0 3.3 8.6 330.0 
Auzeville 2007 3 18 77 7.6 12.3 5.3 1.5 3.0 3.6 9.7 330.0 
Auzeville 2007 3 19 78 3.4 8.6 8.3 1.7 5.5 5.3 7.8 330.0 
Auzeville 2007 3 20 79 1.0 6.9 8.6 1.8 2.5 5.7 6.5 330.0 
Auzeville 2007 3 21 80 1.7 7.0 7.6 1.8 0.0 4.8 6.3 330.0 
Auzeville 2007 3 22 81 1.8 7.7 8.3 1.7 0.0 4.1 6.3 330.0 
Auzeville 2007 3 23 82 4.1 9.4 8.8 1.6 8.0 3.4 8.0 330.0 
Auzeville 2007 3 24 83 4.9 7.8 6.3 1.6 6.5 4.3 7.8 330.0 
Auzeville 2007 3 25 84 4.4 8.2 5.8 1.0 4.5 1.5 8.5 330.0 
Auzeville 2007 3 26 85 2.0 14.6 17.0 2.1 0.0 2.9 9.0 330.0 
Auzeville 2007 3 27 86 7.5 16.3 0.0 3.4 0.0 0.2 12.1 330.0 
Auzeville 2007 3 28 87 7.5 13.4 8.0 1.6 0.0 1.5 10.7 330.0 
Auzeville 2007 3 29 88 2.4 15.6 11.9 1.8 4.0 2.2 9.3 330.0 
Auzeville 2007 3 30 89 6.0 10.4 12.1 2.0 2.5 2.6 8.7 330.0 
Auzeville 2007 3 31 90 4.4 9.8 7.4 1.2 0.0 1.4 8.6 330.0 
Auzeville 2007 4 1 91 4.9 16.7 12.7 2.4 0.0 5.4 10.2 330.0 
Auzeville 2007 4 2 92 12.3 17.5 15.7 4.0 0.0 6.1 12.7 330.0 
Auzeville 2007 4 3 93 8.9 15.8 14.0 2.4 5.5 2.2 11.5 330.0 
Auzeville 2007 4 4 94 7.5 10.9 12.9 2.4 0.0 3.5 9.2 330.0 
Auzeville 2007 4 5 95 0.5 13.9 16.7 2.0 0.0 1.6 8.2 330.0 
Auzeville 2007 4 6 96 4.4 18.2 22.4 2.9 0.0 1.1 9.6 330.0 
Auzeville 2007 4 7 97 3.6 21.5 21.4 3.0 0.0 1.0 10.0 330.0 
Auzeville 2007 4 8 98 6.3 21.8 23.1 3.4 0.0 1.2 9.9 330.0 
Auzeville 2007 4 9 99 6.8 20.9 24.1 3.6 0.0 2.0 11.7 330.0 
Auzeville 2007 4 10 100 7.3 20.6 22.7 3.5 0.0 1.8 11.1 330.0 
Auzeville 2007 4 11 101 7.6 19.1 22.5 3.6 0.0 2.7 10.7 330.0 
Auzeville 2007 4 12 102 9.8 17.9 10.6 2.3 6.0 2.5 12.8 330.0 
Auzeville 2007 4 13 103 11.8 14.6 5.3 1.3 3.5 3.2 13.3 330.0 
Auzeville 2007 4 14 104 12.0 15.1 5.8 1.3 0.0 1.6 14.0 330.0 
Auzeville 2007 4 15 105 12.2 17.6 7.9 1.7 0.0 1.5 14.9 330.0 
Auzeville 2007 4 16 106 12.3 17.2 4.9 1.2 0.0 2.1 14.4 330.0 
Auzeville 2007 4 17 107 11.1 20.8 20.1 3.3 0.0 2.1 15.0 330.0 
Auzeville 2007 4 18 108 14.6 22.8 18.9 3.6 0.0 1.4 16.6 330.0 
Auzeville 2007 4 19 109 8.9 24.7 24.6 3.9 0.0 1.0 13.4 330.0 
Auzeville 2007 4 20 110 9.0 26.6 25.8 4.3 0.0 1.1 13.4 330.0 
Auzeville 2007 4 21 111 9.2 27.2 24.9 4.3 0.0 1.0 13.2 330.0 
Auzeville 2007 4 22 112 10.3 27.7 23.8 4.3 0.0 1.0 13.8 330.0 
Auzeville 2007 4 23 113 10.5 28.4 25.9 4.5 0.0 0.8 14.2 330.0 
Auzeville 2007 4 24 114 9.9 29.1 26.6 4.7 0.0 0.9 12.7 330.0 
Auzeville 2007 4 25 115 12.4 22.5 18.0 3.5 0.0 1.5 14.5 330.0 
Auzeville 2007 4 26 116 11.5 24.2 22.7 4.5 0.0 2.5 13.7 330.0 
Auzeville 2007 4 27 117 14.6 23.6 18.9 4.6 0.0 3.0 14.6 330.0 
Auzeville 2007 4 28 118 14.1 23.7 23.7 5.2 0.0 3.2 14.4 330.0 
Auzeville 2007 4 29 119 9.9 24.3 23.1 4.2 0.0 1.5 13.1 330.0 
Auzeville 2007 4 30 120 10.8 26.4 22.6 4.5 4.5 1.8 15.2 330.0 
Auzeville 2007 5 1 121 9.0 12.3 2.9 0.6 22.0 2.2 11.9 330.0 
Auzeville 2007 5 2 122 8.3 17.9 17.4 3.2 0.5 2.0 11.6 330.0 
Auzeville 2007 5 3 123 8.9 17.4 13.7 2.5 10.0 1.8 12.7 330.0 
Auzeville 2007 5 4 124 10.3 19.2 13.5 3.2 0.0 3.7 13.9 330.0 
Auzeville 2007 5 5 125 12.0 17.3 10.6 2.9 2.0 4.0 13.0 330.0 
Auzeville 2007 5 6 126 12.1 20.3 22.4 5.1 0.0 4.8 13.1 330.0 
Auzeville 2007 5 7 127 10.9 17.1 9.5 2.4 0.0 3.3 12.8 330.0 
Auzeville 2007 5 8 128 12.6 19.7 13.6 3.2 0.0 2.7 14.5 330.0 
Auzeville 2007 5 9 129 9.5 24.0 27.0 4.8 0.0 2.0 13.3 330.0 
Auzeville 2007 5 10 130 8.9 31.1 29.2 5.8 0.0 2.0 13.8 330.0 
Auzeville 2007 5 11 131 13.2 24.3 27.9 5.2 1.0 1.7 13.4 330.0 
Auzeville 2007 5 12 132 15.1 25.7 27.5 5.4 0.0 1.5 14.6 330.0 
Auzeville 2007 5 13 133 15.9 23.1 24.4 5.6 1.0 4.1 16.1 330.0 
Auzeville 2007 5 14 134 10.2 16.5 12.3 3.0 9.0 4.0 12.1 330.0 
Auzeville 2007 5 15 135 10.0 19.0 21.4 4.4 2.0 2.9 11.1 330.0 
Auzeville 2007 5 16 136 10.8 17.9 12.3 3.0 0.5 3.8 12.9 330.0 
Auzeville 2007 5 17 137 12.3 16.8 7.4 2.1 3.0 4.7 14.1 330.0 
Auzeville 2007 5 18 138 14.3 22.9 16.2 3.6 0.0 1.9 17.6 330.0 
Auzeville 2007 5 19 139 13.3 21.9 9.4 2.0 3.5 0.9 17.5 330.0 
Auzeville 2007 5 20 140 15.5 22.1 20.1 4.6 0.0 3.6 17.1 330.0 
Auzeville 2007 5 21 141 15.0 23.0 22.4 5.1 0.0 3.1 14.7 330.0 
Auzeville 2007 5 22 142 14.4 25.8 20.2 4.1 0.0 1.0 17.9 330.0 
Auzeville 2007 5 23 143 13.9 30.1 26.6 5.4 0.0 1.2 18.8 330.0 
Auzeville 2007 5 24 144 17.2 30.3 25.1 5.8 0.0 1.8 19.1 330.0 
Auzeville 2007 5 25 145 16.9 24.4 18.0 4.5 25.5 2.7 18.0 330.0 
Auzeville 2007 5 26 146 13.1 15.6 4.6 1.4 20.0 3.9 14.5 330.0 
Auzeville 2007 5 27 147 10.7 19.9 22.3 4.6 5.0 3.1 13.2 330.0 
Auzeville 2007 5 28 148 9.3 15.2 16.6 3.9 3.0 5.6 11.0 330.0 
Auzeville 2007 5 29 149 8.8 17.1 18.5 3.5 0.0 3.0 11.0 330.0 
Auzeville 2007 5 30 150 10.3 25.2 26.5 4.8 3.0 1.3 15.2 330.0 
Auzeville 2007 5 31 151 13.2 18.8 9.2 2.3 2.5 1.7 15.3 330.0 
Auzeville 2007 6 1 152 11.7 18.6 18.8 4.2 4.0 3.9 13.1 330.0 
Auzeville 2007 6 2 153 10.4 20.1 18.9 4.0 0.0 3.3 12.3 330.0 
Auzeville 2007 6 3 154 14.2 24.6 23.8 5.0 0.0 2.2 15.5 330.0 
Auzeville 2007 6 4 155 15.7 19.1 8.8 2.5 3.0 2.7 16.5 330.0 
Auzeville 2007 6 5 156 14.2 22.7 19.4 4.0 1.0 1.8 16.5 330.0 
Auzeville 2007 6 6 157 15.8 22.2 14.3 3.1 0.0 1.3 17.8 330.0 
Auzeville 2007 6 7 158 13.9 27.4 26.3 5.0 0.0 0.7 18.7 330.0 
Auzeville 2007 6 8 159 13.8 29.4 27.4 5.3 0.0 0.8 18.1 330.0 
Auzeville 2007 6 9 160 14.6 31.0 28.8 6.0 0.0 1.4 18.6 330.0 
Auzeville 2007 6 10 161 17.6 29.8 26.9 6.0 45.0 1.7 21.4 330.0 
Auzeville 2007 6 11 162 14.8 24.8 23.5 4.5 0.0 1.2 18.2 330.0 
Auzeville 2007 6 12 163 15.4 28.8 30.6 5.9 0.0 0.7 18.1 330.0 
Auzeville 2007 6 13 164 15.1 30.2 25.5 5.5 0.0 1.4 19.2 330.0 
Auzeville 2007 6 14 165 19.0 25.7 20.3 5.0 8.0 3.2 21.1 330.0 
Auzeville 2007 6 15 166 14.4 23.8 19.2 4.0 2.0 1.4 16.1 330.0 
Auzeville 2007 6 16 167 13.2 27.0 27.9 5.5 0.0 1.5 15.3 330.0 
Auzeville 2007 6 17 168 16.9 27.1 16.4 4.2 0.0 2.2 19.6 330.0 
Auzeville 2007 6 18 169 16.5 28.6 26.7 6.1 0.0 3.2 20.8 330.0 
Auzeville 2007 6 19 170 19.3 28.9 23.7 6.7 0.0 4.2 19.5 330.0 
Auzeville 2007 6 20 171 16.9 27.0 27.6 6.1 12.5 2.0 15.8 330.0 
Auzeville 2007 6 21 172 12.6 23.7 25.9 4.8 1.0 1.3 15.0 330.0 
Auzeville 2007 6 22 173 14.5 23.1 21.9 4.7 0.0 1.9 14.5 330.0 
Auzeville 2007 6 23 174 12.7 23.3 23.1 4.4 0.0 1.0 14.0 330.0 
Auzeville 2007 6 24 175 12.0 27.6 26.6 5.7 0.5 2.6 14.5 330.0 
Auzeville 2007 6 25 176 15.0 19.0 7.0 2.2 2.0 2.3 15.3 330.0 
Auzeville 2007 6 26 177 12.3 20.9 18.2 4.2 1.5 3.0 13.2 330.0 
Auzeville 2007 6 27 178 13.8 20.1 17.4 4.1 0.0 2.6 12.7 330.0 
Auzeville 2007 6 28 179 11.3 23.1 30.6 5.3 0.0 1.0 12.7 330.0 
Auzeville 2007 6 29 180 11.1 23.1 22.4 4.2 0.0 1.6 13.8 330.0 
Auzeville 2007 6 30 181 10.0 31.3 30.2 6.1 0.0 1.8 15.6 330.0 
Auzeville 2007 7 1 182 18.7 21.7 7.4 2.4 0.5 2.6 18.9 330.0 
Auzeville 2007 7 2 183 15.3 23.5 18.1 4.2 0.0 1.9 15.8 330.0 
Auzeville 2007 7 3 184 10.8 24.5 17.9 3.7 1.5 2.4 15.1 330.0 
Auzeville 2007 7 4 185 14.2 22.7 22.1 5.3 2.0 3.9 14.6 330.0 
Auzeville 2007 7 5 186 12.6 23.7 27.7 5.6 0.0 2.4 12.7 330.0 
Auzeville 2007 7 6 187 14.2 28.3 31.2 6.1 0.0 1.2 14.6 330.0 
Auzeville 2007 7 7 188 14.1 31.3 30.0 6.0 0.0 1.0 18.2 330.0 
Auzeville 2007 7 8 189 18.8 22.8 8.6 2.5 3.0 2.3 20.4 330.0 
Auzeville 2007 7 9 190 14.8 21.8 16.8 4.4 0.0 3.3 14.7 330.0 
Auzeville 2007 7 10 191 12.4 23.2 23.8 5.5 0.5 3.8 13.8 330.0 
Auzeville 2007 7 11 192 14.1 22.0 14.6 3.4 2.0 2.8 17.2 330.0 
Auzeville 2007 7 12 193 15.5 24.3 26.8 5.2 0.0 1.4 16.0 330.0 
Auzeville 2007 7 13 194 10.9 30.1 31.5 6.9 0.0 3.9 15.2 330.0 
Auzeville 2007 7 14 195 20.2 26.3 29.5 8.2 0.0 6.7 19.7 330.0 
Auzeville 2007 7 15 196 18.7 29.8 28.3 9.5 0.0 6.6 15.4 330.0 
Auzeville 2007 7 16 197 19.5 30.0 21.0 6.4 0.0 3.4 16.8 330.0 
Auzeville 2007 7 17 198 18.6 30.9 28.3 6.1 0.0 1.1 17.5 330.0 
Auzeville 2007 7 18 199 19.2 27.4 23.1 5.7 0.0 2.5 17.7 330.0 
Auzeville 2007 7 19 200 19.1 29.1 23.0 5.6 0.0 1.9 18.0 330.0 
Auzeville 2007 7 20 201 15.2 20.8 9.3 2.7 0.0 2.3 15.3 330.0 
Auzeville 2007 7 21 202 13.2 20.1 8.0 1.9 4.0 1.1 15.7 330.0 
Auzeville 2007 7 22 203 12.4 27.0 26.1 5.3 0.0 2.2 14.9 330.0 
Auzeville 2007 7 23 204 18.8 26.4 13.8 4.5 0.0 3.3 19.5 330.0 
Auzeville 2007 7 24 205 16.4 25.3 22.9 5.8 0.0 3.3 14.8 330.0 
Auzeville 2007 7 25 206 10.2 27.5 30.4 5.3 0.0 0.9 13.7 330.0 
Auzeville 2007 7 26 207 10.5 31.7 29.7 5.6 0.0 1.0 14.3 330.0 
Auzeville 2007 7 27 208 17.3 29.1 27.8 5.8 0.0 1.3 18.2 330.0 
Auzeville 2007 7 28 209 16.4 28.3 21.5 5.1 0.0 2.2 17.3 330.0 
Auzeville 2007 7 29 210 18.2 25.7 23.6 5.3 0.0 2.3 18.7 330.0 
Auzeville 2007 7 30 211 17.5 26.4 15.1 4.0 0.0 2.3 19.0 330.0 
Auzeville 2007 7 31 212 14.3 30.8 29.8 5.7 0.0 0.9 15.6 330.0 
Auzeville 2007 8 1 213 17.7 28.7 26.2 6.9 0.0 4.9 17.6 330.0 
Auzeville 2007 8 2 214 18.7 27.3 23.4 5.8 0.0 2.5 16.3 330.0 
Auzeville 2007 8 3 215 15.0 26.7 28.8 5.7 0.0 1.6 13.5 330.0 
Auzeville 2007 8 4 216 11.3 33.4 29.1 5.7 0.0 1.2 13.5 330.0 
Auzeville 2007 8 5 217 17.4 33.6 27.2 7.5 0.0 4.0 17.3 330.0 
Auzeville 2007 8 6 218 19.2 23.7 6.0 2.2 11.0 2.1 21.5 330.0 
Auzeville 2007 8 7 219 13.2 20.0 10.1 2.4 3.5 2.0 15.1 330.0 
Auzeville 2007 8 8 220 14.5 23.6 22.5 5.0 0.0 2.8 13.7 330.0 
Auzeville 2007 8 9 221 12.4 23.6 22.2 4.4 0.0 2.0 13.0 330.0 
Auzeville 2007 8 10 222 10.8 25.0 27.5 4.9 0.0 1.7 12.3 330.0 
Auzeville 2007 8 11 223 12.6 28.3 27.3 5.0 0.0 1.0 15.6 330.0 
Auzeville 2007 8 12 224 12.8 28.5 20.3 4.2 0.0 1.5 16.3 330.0 
Auzeville 2007 8 13 225 18.3 26.2 18.0 4.3 0.0 1.5 17.4 330.0 
Auzeville 2007 8 14 226 13.7 33.5 24.1 5.5 0.0 2.0 16.9 330.0 
Auzeville 2007 8 15 227 21.2 32.1 25.9 7.5 11.0 4.6 23.7 330.0 
Auzeville 2007 8 16 228 16.7 20.5 7.0 2.3 0.5 2.2 16.5 330.0 
Auzeville 2007 8 17 229 13.5 23.7 21.0 4.1 0.0 1.5 13.7 330.0 
Auzeville 2007 8 18 230 10.6 27.7 25.7 4.5 0.0 1.0 13.3 330.0 
Auzeville 2007 8 19 231 13.7 23.3 9.6 2.9 3.5 2.6 15.3 330.0 
Auzeville 2007 8 20 232 13.2 21.8 12.7 3.1 6.5 2.9 15.8 330.0 
Auzeville 2007 8 21 233 13.2 19.1 12.1 2.8 13.5 3.7 15.2 330.0 
Auzeville 2007 8 22 234 13.4 22.0 13.7 2.9 4.5 1.7 16.8 330.0 
Auzeville 2007 8 23 235 14.2 22.5 12.2 2.6 3.5 1.7 17.5 330.0 
Auzeville 2007 8 24 236 15.1 25.2 19.8 3.8 0.0 1.1 17.7 330.0 
Auzeville 2007 8 25 237 12.8 29.0 20.5 4.2 0.0 1.4 16.3 330.0 
Auzeville 2007 8 26 238 18.0 33.8 22.5 5.0 0.0 1.0 19.7 330.0 
Auzeville 2007 8 27 239 17.2 36.0 22.6 5.1 0.0 1.1 20.2 330.0 
Auzeville 2007 8 28 240 20.4 34.9 18.9 5.7 1.0 2.6 19.6 330.0 
Auzeville 2007 8 29 241 20.5 25.3 8.0 2.9 0.5 2.8 22.0 330.0 
Auzeville 2007 8 30 242 15.0 23.5 9.6 3.5 0.0 3.3 15.4 330.0 
Auzeville 2007 8 31 243 12.2 24.0 19.9 4.1 0.0 2.3 13.1 330.0 
Auzeville 2007 9 1 244 10.8 25.5 23.5 3.9 0.0 1.2 14.2 330.0 
Auzeville 2007 9 2 245 9.7 27.0 21.6 3.6 0.0 0.8 14.3 330.0 
Auzeville 2007 9 3 246 12.7 25.6 21.2 4.2 0.0 2.2 14.4 330.0 
Auzeville 2007 9 4 247 15.6 23.3 18.9 4.4 0.5 2.7 13.3 330.0 
Auzeville 2007 9 5 248 6.4 23.9 24.0 3.6 0.0 1.1 8.9 330.0 
Auzeville 2007 9 6 249 7.1 25.5 23.1 3.9 0.0 1.6 10.2 330.0 
Auzeville 2007 9 7 250 10.1 26.4 22.4 3.8 0.0 1.3 12.6 330.0 
Auzeville 2007 9 8 251 11.3 26.6 22.5 3.9 0.0 1.2 13.8 330.0 
Auzeville 2007 9 9 252 11.5 27.4 22.3 4.0 0.0 1.6 14.5 330.0 
Auzeville 2007 9 10 253 11.6 26.6 21.5 4.0 0.0 1.6 12.8 330.0 
Auzeville 2007 9 11 254 13.8 24.9 20.7 4.0 0.0 2.0 13.7 330.0 
Auzeville 2007 9 12 255 8.5 27.1 21.4 3.4 0.0 0.7 12.2 330.0 
Auzeville 2007 9 13 256 10.1 27.3 18.4 3.7 0.0 2.8 14.4 330.0 
Auzeville 2007 9 14 257 17.6 26.5 13.9 3.2 0.0 1.5 18.8 330.0 
Auzeville 2007 9 15 258 16.2 28.2 20.1 4.0 0.0 1.3 16.6 330.0 
Auzeville 2007 9 16 259 9.9 31.0 19.6 3.9 0.0 1.9 13.9 330.0 
Auzeville 2007 9 17 260 14.6 27.3 12.9 3.0 19.0 2.2 19.6 330.0 
Auzeville 2007 9 18 261 13.9 20.1 13.1 2.9 0.0 2.5 14.3 330.0 
Auzeville 2007 9 19 262 7.6 19.7 20.8 2.9 0.0 1.3 10.1 330.0 
Auzeville 2007 9 20 263 5.6 22.8 16.6 2.3 0.5 0.5 11.5 330.0 
Auzeville 2007 9 21 264 7.6 25.4 19.0 3.5 1.0 4.0 13.7 330.0 
Auzeville 2007 9 22 265 17.2 22.0 6.0 1.7 3.0 1.8 19.6 330.0 
Auzeville 2007 9 23 266 14.9 21.1 9.1 1.8 0.0 0.8 16.9 330.0 
Auzeville 2007 9 24 267 11.6 25.6 17.3 3.1 1.5 2.1 16.1 330.0 
Auzeville 2007 9 25 268 12.5 19.7 10.0 2.4 1.0 2.5 14.1 330.0 
Auzeville 2007 9 26 269 11.5 18.0 11.3 2.7 3.0 3.7 12.9 330.0 
Auzeville 2007 9 27 270 8.1 12.9 5.8 1.9 2.5 4.0 9.9 330.0 
Auzeville 2007 9 28 271 6.8 17.3 14.6 2.0 0.0 1.3 10.4 330.0 
Auzeville 2007 9 29 272 4.1 21.4 11.3 1.7 0.5 2.1 11.5 330.0 
Auzeville 2007 9 30 273 12.1 22.3 11.1 1.8 0.0 4.4 16.7 330.0 
Auzeville 2007 10 1 274 18.5 24.2 11.7 3.3 0.0 5.3 20.8 330.0 
Auzeville 2007 10 2 275 18.5 24.0 14.6 3.5 0.0 4.1 20.2 330.0 
Auzeville 2007 10 3 276 16.0 20.9 4.1 1.7 0.0 4.1 16.8 330.0 
Auzeville 2007 10 4 277 17.9 24.8 10.8 2.5 0.0 2.1 19.6 330.0 
Auzeville 2007 10 5 278 18.0 23.3 6.6 1.9 2.5 2.1 20.2 330.0 
Auzeville 2007 10 6 279 15.0 22.7 7.2 1.7 4.5 1.7 18.1 330.0 
Auzeville 2007 10 7 280 16.7 22.6 9.1 2.0 0.0 1.7 19.2 330.0 
Auzeville 2007 10 8 281 16.4 18.1 3.5 1.0 26.5 2.1 17.5 330.0 
Auzeville 2007 10 9 282 14.5 19.3 10.0 2.2 0.5 3.1 15.6 330.0 
Auzeville 2007 10 10 283 11.5 15.6 3.3 0.9 15.0 2.6 13.5 330.0 
Auzeville 2007 10 11 284 10.3 16.3 9.4 1.3 0.0 1.1 13.4 330.0 
Auzeville 2007 10 12 285 7.9 19.0 10.5 1.4 0.0 0.8 13.3 330.0 
Auzeville 2007 10 13 286 5.7 19.5 14.5 1.4 0.5 0.6 12.5 330.0 
Auzeville 2007 10 14 287 6.5 21.8 14.2 1.7 0.0 2.3 13.4 330.0 
Auzeville 2007 10 15 288 13.1 21.9 13.8 2.5 0.0 3.4 15.2 330.0 
Auzeville 2007 10 16 289 13.8 22.7 13.4 2.2 0.0 2.3 16.8 330.0 
Auzeville 2007 10 17 290 13.6 22.9 12.3 1.7 0.0 0.8 16.6 330.0 
Auzeville 2007 10 18 291 13.0 19.9 7.5 1.6 0.0 1.6 15.1 330.0 
Auzeville 2007 10 19 292 3.4 18.5 14.4 1.4 0.0 0.9 8.5 330.0 
Auzeville 2007 10 20 293 1.6 16.2 13.9 1.3 0.0 1.0 7.3 330.0 
Auzeville 2007 10 21 294 -1.0 16.2 14.1 1.2 0.0 0.8 6.4 330.0 
Auzeville 2007 10 22 295 0.9 17.4 13.1 1.5 0.0 1.7 7.4 330.0 
Auzeville 2007 10 23 296 2.2 16.3 12.8 1.5 0.0 1.7 7.6 330.0 
Auzeville 2007 10 24 297 -0.4 14.7 13.0 1.0 0.0 1.2 7.6 330.0 
Auzeville 2007 10 25 298 4.7 10.8 3.0 0.6 0.0 1.2 8.5 330.0 
Auzeville 2007 10 26 299 6.4 12.2 3.8 1.0 0.5 2.1 9.0 330.0 
Auzeville 2007 10 27 300 8.2 16.3 11.7 1.2 0.0 0.8 10.8 330.0 
Auzeville 2007 10 28 301 1.5 18.8 12.0 0.9 0.5 0.6 10.0 330.0 
Auzeville 2007 10 29 302 2.3 17.3 8.2 0.8 2.0 1.9 10.4 330.0 
Auzeville 2007 10 30 303 7.8 12.0 5.9 1.1 8.0 3.6 10.2 330.0 
Auzeville 2007 10 31 304 5.3 11.4 8.3 1.1 0.0 5.3 9.1 330.0 
Auzeville 2007 11 1 305 2.0 11.9 8.0 0.6 0.0 1.5 8.5 330.0 
Auzeville 2007 11 2 306 0.9 11.6 6.0 0.6 0.0 1.0 8.6 330.0 
Auzeville 2007 11 3 307 1.4 10.1 2.5 0.2 0.5 0.4 8.5 330.0 
Auzeville 2007 11 4 308 7.7 11.1 2.3 0.4 0.0 1.4 10.7 330.0 
Auzeville 2007 11 5 309 10.2 13.7 4.9 1.1 0.0 1.8 11.3 330.0 
Auzeville 2007 11 6 310 7.2 13.8 9.3 1.2 0.0 3.1 9.8 330.0 
Auzeville 2007 11 7 311 0.6 12.9 10.4 0.6 0.0 1.2 7.8 330.0 
Auzeville 2007 11 8 312 -0.3 12.3 10.4 0.6 0.0 1.9 7.0 330.0 
Auzeville 2007 11 9 313 7.5 14.2 6.2 1.7 0.0 3.6 9.1 330.0 
Auzeville 2007 11 10 314 -1.5 12.4 9.8 0.6 0.0 1.6 6.9 330.0 
Auzeville 2007 11 11 315 0.2 12.4 6.0 0.6 0.5 2.2 7.0 330.0 
Auzeville 2007 11 12 316 9.1 14.5 6.8 1.4 0.0 2.5 9.3 330.0 
Auzeville 2007 11 13 317 7.4 13.3 7.6 1.1 3.0 2.5 9.3 330.0 
Auzeville 2007 11 14 318 6.2 12.5 6.5 1.4 0.0 4.4 8.7 330.0 
Auzeville 2007 11 15 319 1.8 6.8 8.9 1.2 0.0 3.8 5.6 330.0 
Auzeville 2007 11 16 320 -2.6 5.2 9.6 0.7 0.0 2.9 4.6 330.0 
Auzeville 2007 11 17 321 -5.6 6.4 10.1 0.3 0.0 1.3 4.6 330.0 
Auzeville 2007 11 18 322 -7.9 9.7 9.6 0.3 0.0 1.1 4.6 330.0 
Auzeville 2007 11 19 323 1.9 14.7 7.6 0.8 0.0 5.9 7.9 330.0 
Auzeville 2007 11 20 324 12.8 17.5 4.0 2.6 0.0 8.6 12.4 330.0 
Auzeville 2007 11 21 325 12.1 15.1 2.4 0.7 0.0 1.5 13.2 330.0 
Auzeville 2007 11 22 326 7.7 15.5 4.8 0.6 0.5 1.2 11.6 330.0 
Auzeville 2007 11 23 327 9.2 12.1 5.5 0.8 0.0 2.5 10.6 330.0 
Auzeville 2007 11 24 328 3.4 11.2 3.8 0.5 0.0 3.0 9.0 330.0 
Auzeville 2007 11 25 329 3.3 10.2 6.9 0.8 0.0 2.8 7.2 330.0 
Auzeville 2007 11 26 330 6.3 9.6 4.8 0.8 0.0 3.7 9.0 330.0 
Auzeville 2007 11 27 331 3.6 9.7 7.6 0.5 0.0 2.6 8.3 330.0 
Auzeville 2007 11 28 332 -2.9 9.9 7.6 0.1 0.0 0.9 7.3 330.0 
Auzeville 2007 11 29 333 -1.6 8.3 5.5 0.1 0.0 0.6 7.2 330.0 
Auzeville 2007 11 30 334 1.2 15.4 7.7 0.2 0.0 1.0 9.0 330.0 
Auzeville 2007 12 1 335 1.7 14.0 2.9 0.3 6.5 1.2 10.1 330.0 
Auzeville 2007 12 2 336 8.0 15.0 6.5 0.4 0.5 1.3 11.4 330.0 
Auzeville 2007 12 3 337 9.7 13.2 4.2 0.9 4.5 5.2 11.3 330.0 
Auzeville 2007 12 4 338 9.5 13.0 1.8 0.3 7.0 2.5 12.9 330.0 
Auzeville 2007 12 5 339 6.7 12.0 3.5 0.2 0.5 0.9 11.7 330.0 
Auzeville 2007 12 6 340 9.1 14.9 4.9 0.4 0.0 2.5 12.3 330.0 
Auzeville 2007 12 7 341 8.6 13.3 1.8 0.6 8.0 4.2 11.6 330.0 
Auzeville 2007 12 8 342 8.7 15.2 5.7 0.7 14.5 3.4 12.0 330.0 
Auzeville 2007 12 9 343 8.1 13.6 3.4 0.8 8.5 5.4 10.9 330.0 
Auzeville 2007 12 10 344 6.9 11.0 5.0 1.0 1.5 5.0 9.5 330.0 
Auzeville 2007 12 11 345 5.4 8.2 5.9 0.7 0.0 4.4 8.1 330.0 
Auzeville 2007 12 12 346 1.2 7.5 7.6 0.1 0.0 1.8 7.3 330.0 
Auzeville 2007 12 13 347 -2.7 6.9 7.9 0.0 0.5 0.7 6.6 330.0 
Auzeville 2007 12 14 348 -3.8 3.8 3.9 0.0 0.0 0.9 6.0 330.0 
Auzeville 2007 12 15 349 -1.3 2.7 1.3 0.1 0.0 1.0 6.4 330.0 
Auzeville 2007 12 16 350 -5.6 0.0 2.2 0.0 0.0 0.6 5.0 330.0 
Auzeville 2007 12 17 351 -4.3 6.0 7.6 0.0 0.5 2.1 5.8 330.0 
Auzeville 2007 12 18 352 1.5 9.9 7.4 0.5 0.0 2.7 6.9 330.0 
Auzeville 2007 12 19 353 -2.5 10.9 6.7 0.1 0.0 3.8 6.6 330.0 
Auzeville 2007 12 20 354 4.7 11.2 6.4 0.9 0.0 5.5 8.1 330.0 
Auzeville 2007 12 21 355 8.4 12.2 6.4 1.1 0.0 6.0 10.0 330.0 
Auzeville 2007 12 22 356 8.2 12.0 5.3 0.6 0.0 3.5 11.0 330.0 
Auzeville 2007 12 23 357 -0.6 12.2 6.1 0.0 0.0 0.6 8.8 330.0 
Auzeville 2007 12 24 358 -0.6 4.2 1.9 0.1 0.0 0.8 7.0 330.0 
Auzeville 2007 12 25 359 -1.1 4.8 3.6 0.1 0.0 0.8 7.0 330.0 
Auzeville 2007 12 26 360 -1.0 5.3 2.1 0.0 0.5 1.4 7.1 330.0 
Auzeville 2007 12 27 361 1.1 4.4 2.9 0.1 0.0 1.0 7.4 330.0 
Auzeville 2007 12 28 362 -0.6 7.8 5.6 0.1 0.0 0.9 7.7 330.0 
Auzeville 2007 12 29 363 -4.1 11.4 6.7 0.0 1.0 0.9 7.1 330.0 
Auzeville 2007 12 30 364 5.6 11.2 6.6 0.2 0.0 2.3 9.8 330.0 
Auzeville 2007 12 31 365 -1.3 6.3 6.3 0.0 0.0 1.3 7.2 330.0 
