AuzevilleJ 2011 1 1 1 3.1 9.1 1.7 0.1 0 0.7 8.8 330
AuzevilleJ 2011 1 2 2 1.2 3.9 1.5 0.1 0 2.8 6.9 330
AuzevilleJ 2011 1 3 3 0.7 3 2.1 0.6 0 1.6 5.2 330
AuzevilleJ 2011 1 4 4 -0.8 5.7 7.1 0.3 0.5 1.6 5 330
AuzevilleJ 2011 1 5 5 1.3 9.4 6.4 0.4 0 6.3 7.7 330
AuzevilleJ 2011 1 6 6 6.5 12 2.8 0.3 0 6.2 10.6 330
AuzevilleJ 2011 1 7 7 10 13.7 3.5 0.7 0 4.5 12.6 330
AuzevilleJ 2011 1 8 8 10.2 14.5 4.2 0.9 0 4.8 12.6 330
AuzevilleJ 2011 1 9 9 6.5 10.1 1.3 0.3 8.5 1.2 10.1 330
AuzevilleJ 2011 1 10 10 -1.4 8.7 8.4 0 2.5 0.6 6.9 330
AuzevilleJ 2011 1 11 11 0.6 13.1 3.9 0.2 10 3.1 8.7 330
AuzevilleJ 2011 1 12 12 7.5 12.1 1.1 0.2 3 1.9 11.1 330
AuzevilleJ 2011 1 13 13 10.1 16 5.8 0.6 0.5 1.2 13.2 330
AuzevilleJ 2011 1 14 14 4.4 13.3 6.1 0.3 0 0.8 11 330
AuzevilleJ 2011 1 15 15 3.3 14.6 7.6 0.2 0 0.8 10.5 330
AuzevilleJ 2011 1 16 16 0.1 12.9 8.5 0 0.5 3.1 8.5 330
AuzevilleJ 2011 1 17 17 6.5 14.7 6.9 0.6 0 2.3 11 330
AuzevilleJ 2011 1 18 18 4.2 15 7.2 0.3 0 0.8 10.4 330
AuzevilleJ 2011 1 19 19 5.6 10.8 7.7 0.5 0.5 1.1 8.6 330
AuzevilleJ 2011 1 20 20 -2.8 6.6 9.6 0.4 0 2 5 330
AuzevilleJ 2011 1 21 21 -1.4 3.9 6.6 0.9 0 3.8 4.8 330
AuzevilleJ 2011 1 22 22 -3.6 0 3.9 0.7 0 2.9 3.9 330
AuzevilleJ 2011 1 23 23 -3.9 3.1 7.9 0.4 0 1.5 4.2 330
AuzevilleJ 2011 1 24 24 -5.3 4.5 10.3 0.3 0 1.1 4.3 330
AuzevilleJ 2011 1 25 25 -6.3 4.3 6.1 0.3 0 1.5 4.4 330
AuzevilleJ 2011 1 26 26 -3.3 5.6 5.2 0.4 0 0.6 5 330
AuzevilleJ 2011 1 27 27 -4 9.3 7.8 0.4 0 2.5 5.9 330
AuzevilleJ 2011 1 28 28 1.2 10.5 9.1 1.2 0 5.4 6.4 330
AuzevilleJ 2011 1 29 29 3.3 6 1.1 0.2 10 2.7 7.7 330
AuzevilleJ 2011 1 30 30 2.7 5.3 1.6 0.2 0 1.2 7.7 330
AuzevilleJ 2011 1 31 31 -0.1 2.9 3.2 0.6 0 2 5.7 330
AuzevilleJ 2011 2 1 32 -2.3 1 1.7 0.3 0 2.1 5.1 330
AuzevilleJ 2011 2 2 33 -1.5 5.7 5.9 0.7 0 2.6 5.6 330
AuzevilleJ 2011 2 3 34 4.5 10.8 4.7 0.8 0 1.7 8.2 330
AuzevilleJ 2011 2 4 35 7 13.2 6.4 1 0 1.7 9.6 330
AuzevilleJ 2011 2 5 36 0 13.7 10.4 0.5 0 0.6 8.4 330
AuzevilleJ 2011 2 6 37 -2.1 12.8 7.8 0.6 0.5 0.6 8.3 330
AuzevilleJ 2011 2 7 38 -2.6 14.6 11.5 0.7 0 2.8 7.9 330
AuzevilleJ 2011 2 8 39 0.2 15.3 11.3 0.8 0.5 1.6 8.6 330
AuzevilleJ 2011 2 9 40 -1.5 14.7 11.9 0.9 0 2.2 7.9 330
AuzevilleJ 2011 2 10 41 1.7 13.2 9.5 1 0 3.1 9.2 330
AuzevilleJ 2011 2 11 42 5.5 13 10.8 1.5 0 4.2 9.3 330
AuzevilleJ 2011 2 12 43 0.3 15.1 10.4 0.8 0.5 1.8 8.8 330
AuzevilleJ 2011 2 13 44 1.4 12.1 9.1 0.7 0 2.3 9.1 330
AuzevilleJ 2011 2 14 45 3.9 10.7 7.2 0.9 1.5 2 8.6 330
AuzevilleJ 2011 2 15 46 3.3 15.1 11 1.3 0 1.9 8 330
AuzevilleJ 2011 2 16 47 4.6 14.7 11.8 1.5 0 2.8 8.9 330
AuzevilleJ 2011 2 17 48 2.5 10.5 4.4 0.6 0 2.1 8.3 330
AuzevilleJ 2011 2 18 49 7.7 14.3 9.8 1.7 0 2.4 9.8 330
AuzevilleJ 2011 2 19 50 -0.5 14.8 6.3 0.8 6 1 8.8 330
AuzevilleJ 2011 2 20 51 8 13.4 9.6 1.4 0 2.1 10.9 330
AuzevilleJ 2011 2 21 52 3.4 11.8 5.9 0.7 13 2.7 9 330
AuzevilleJ 2011 2 22 53 7.3 10 2.4 0.7 4 4.3 10.1 330
AuzevilleJ 2011 2 23 54 6.3 12.3 9.1 1 1 2 10.4 330
AuzevilleJ 2011 2 24 55 9.5 14.2 7.6 1.3 1 2.6 11.9 330
AuzevilleJ 2011 2 25 56 10.1 14.5 5.9 1.4 0 2.3 12.3 330
AuzevilleJ 2011 2 26 57 4.4 12.1 3.9 0.6 7.5 2.8 9.6 330
AuzevilleJ 2011 2 27 58 6.3 10.4 10.5 1.8 2 4.1 8.7 330
AuzevilleJ 2011 2 28 59 2.9 9.4 8.9 1.4 0 2.7 7.2 330
AuzevilleJ 2011 3 1 60 3.5 6.7 5.5 1.2 0.5 3.1 6.8 330
AuzevilleJ 2011 3 2 61 4.5 6 2.1 0.7 0 3 7.5 330
AuzevilleJ 2011 3 3 62 2.1 7.5 7.1 1 1.5 1.3 7.2 330
AuzevilleJ 2011 3 4 63 -0.5 13.1 15.5 1.5 0.5 2.1 7.4 330
AuzevilleJ 2011 3 5 64 -0.3 15.4 15.9 1.5 0 1.1 7.2 330
AuzevilleJ 2011 3 6 65 -0.1 15.5 16.1 1.6 0 1.2 7 330
AuzevilleJ 2011 3 7 66 -1.4 17.8 16.7 2 0 2.8 7.8 330
AuzevilleJ 2011 3 8 67 8.7 13 16.3 3.8 0 7.8 8.8 330
AuzevilleJ 2011 3 9 68 7.1 15.6 14.7 2.5 0 2.8 9.1 330
AuzevilleJ 2011 3 10 69 1.1 13.7 11.8 1.2 0 1.1 8.8 330
AuzevilleJ 2011 3 11 70 -0.1 15.5 14.7 1.8 0 4.2 8.8 330
AuzevilleJ 2011 3 12 71 9.8 11.7 2.2 1.6 7 8.5 10.4 330
AuzevilleJ 2011 3 13 72 8.7 17 11.2 1.7 0.5 1.7 12.6 330
AuzevilleJ 2011 3 14 73 10.1 16.1 11.8 2.7 0 7.6 12.2 330
AuzevilleJ 2011 3 15 74 12 15 5.5 1.9 11 6.1 13.3 330
AuzevilleJ 2011 3 16 75 10 15.1 7.2 1.3 26.5 1.5 13.4 330
AuzevilleJ 2011 3 17 76 10.2 13.3 6.6 2.1 0.5 5 11 330
AuzevilleJ 2011 3 18 77 7 15.2 15.3 2.5 0 3.1 9 330
AuzevilleJ 2011 3 19 78 9.7 15.1 9.1 2.1 0 2.9 11.1 330
AuzevilleJ 2011 3 20 79 6.5 15.4 18.5 2.5 0 1.6 8.9 330
AuzevilleJ 2011 3 21 80 3 17.1 19.2 2.4 0 1.2 8.1 330
AuzevilleJ 2011 3 22 81 6.3 16.5 19.9 3.6 0 4.7 8.8 330
AuzevilleJ 2011 3 23 82 4.5 18.6 20.6 3.6 0 3.6 7.5 330
AuzevilleJ 2011 3 24 83 6.5 18.3 20.7 4.2 0.5 4.8 7.5 330
AuzevilleJ 2011 3 25 84 8.6 17.6 17.9 3.5 0 4.5 10.7 330
AuzevilleJ 2011 3 26 85 7.3 20.7 18.6 3.2 0 3.2 12 330
AuzevilleJ 2011 3 27 86 11 17.9 9.3 2.3 4.5 2.8 13.6 330
AuzevilleJ 2011 3 28 87 9.7 13.5 8.2 1.4 0.5 2 12 330
AuzevilleJ 2011 3 29 88 7 17.2 13.6 2.1 9 1.6 11.8 330
AuzevilleJ 2011 3 30 89 7.7 16 12.5 2 7 2.3 11.5 330
AuzevilleJ 2011 3 31 90 10.4 17.5 6.2 1.4 0 2.2 14.3 330
AuzevilleJ 2011 4 1 91 6.5 24.7 21.6 3.4 0 1.7 12.9 330
AuzevilleJ 2011 4 2 92 11.2 18.6 21.3 3.8 0 5.4 13.7 330
AuzevilleJ 2011 4 3 93 12.8 16.4 4.7 1.4 0 2.5 14.6 330
AuzevilleJ 2011 4 4 94 10.2 17.6 15.2 2.8 0 2.1 11.7 330
AuzevilleJ 2011 4 5 95 4.1 22.4 22.9 3.1 0 0.8 10 330
AuzevilleJ 2011 4 6 96 5.1 25.4 23.5 4.2 0 2.7 9.9 330
AuzevilleJ 2011 4 7 97 9.8 28.3 23.2 4.3 0 1.6 12.8 330
AuzevilleJ 2011 4 8 98 8.9 28.5 23.3 4 0 1.2 13.6 330
AuzevilleJ 2011 4 9 99 7.9 29.2 23.2 4.3 0 1.9 13.7 330
AuzevilleJ 2011 4 10 100 13.4 18 7.6 2.2 0 2.9 14.1 330
AuzevilleJ 2011 4 11 101 12.8 19.2 12.9 2.9 1 2.6 13.6 330
AuzevilleJ 2011 4 12 102 11.5 17.9 11.5 2.9 1.5 2.6 12.2 330
AuzevilleJ 2011 4 13 103 3.4 18.9 23.1 3.3 0 1.1 7.2 330
AuzevilleJ 2011 4 14 104 5.6 20.1 24 3.9 0 1.9 7.4 330
AuzevilleJ 2011 4 15 105 7.3 18.7 24.3 4 0 2 7.6 330
AuzevilleJ 2011 4 16 106 4.2 21.3 24.6 3.6 0 1.1 8.4 330
AuzevilleJ 2011 4 17 107 5.6 22.1 24.8 4.3 0 3.1 10.3 330
AuzevilleJ 2011 4 18 108 11.4 22.7 24.9 5.6 0 4.4 11.8 330
AuzevilleJ 2011 4 19 109 10.7 20 20.5 5.4 0 5.2 9.8 330
AuzevilleJ 2011 4 20 110 11.8 20.6 24.4 6.1 0 6.3 11 330
AuzevilleJ 2011 4 21 111 12.7 21.5 25.1 6.5 0 6.7 11.9 330
AuzevilleJ 2011 4 22 112 12.6 19.8 22.9 6.1 0 7.3 12.3 330
AuzevilleJ 2011 4 23 113 10.8 16.8 7.1 1.6 5 1.9 14.2 330
AuzevilleJ 2011 4 24 114 12.1 21.4 21.1 3.9 0 2.2 14.3 330
AuzevilleJ 2011 4 25 115 11.7 22.8 17.9 3.5 18.5 2.3 16.1 330
AuzevilleJ 2011 4 26 116 13.1 22.7 20.4 4.2 0 2.9 15.4 330
AuzevilleJ 2011 4 27 117 12.9 22.6 22 4.4 0 2.1 13.6 330
AuzevilleJ 2011 4 28 118 9.1 21.4 24.2 4.2 0 1.7 10.7 330
AuzevilleJ 2011 4 29 119 7.8 20.9 25.4 4.2 0 2.5 11.8 330
AuzevilleJ 2011 4 30 120 12.3 21.8 26.4 5.5 0 4.1 12.8 330
AuzevilleJ 2011 5 1 121 12.7 23.4 23.8 5.3 0 4 14.1 330
AuzevilleJ 2011 5 2 122 12.9 21.9 15.8 3.7 7 2.7 14.1 330
AuzevilleJ 2011 5 3 123 13.1 19.8 11.1 2.6 7.5 2.1 15 330
AuzevilleJ 2011 5 4 124 11.5 20.9 17 3.3 0 1.7 14 330
AuzevilleJ 2011 5 5 125 8.7 24.4 26.5 4.8 0 2.3 12.8 330
AuzevilleJ 2011 5 6 126 14.4 21.7 25.4 6 0 6.4 14.7 330
AuzevilleJ 2011 5 7 127 15.6 18 7.3 3.5 0 7.2 14.3 330
AuzevilleJ 2011 5 8 128 14 25.4 23 4.7 0 2.3 17.2 330
AuzevilleJ 2011 5 9 129 11.2 26.5 27.6 5.3 0 2.6 15.7 330
AuzevilleJ 2011 5 10 130 13.4 25.5 23.1 5.4 0 3.3 14.5 330
AuzevilleJ 2011 5 11 131 10.4 29.1 28 5.3 0 1.4 13.6 330
AuzevilleJ 2011 5 12 132 15.3 22.5 18.9 3.8 0 1.9 17 330
AuzevilleJ 2011 5 13 133 15.5 28 23.8 4.9 0 1.2 18.2 330
AuzevilleJ 2011 5 14 134 13.9 17.1 5 1.4 4 2.5 15.5 330
AuzevilleJ 2011 5 15 135 10.4 19.8 23.6 4.8 0 2.9 10.5 330
AuzevilleJ 2011 5 16 136 6.5 22.3 28.9 4.6 0 1.3 10.2 330
AuzevilleJ 2011 5 17 137 7.7 26.7 29 4.9 0 0.9 12 330
AuzevilleJ 2011 5 18 138 10.4 27.2 28.9 6 0 2.8 12.4 330
AuzevilleJ 2011 5 19 139 13.1 26.4 28.5 6.1 0 2.7 14 330
AuzevilleJ 2011 5 20 140 9.7 27.9 26.6 4.9 0 1 12.8 330
AuzevilleJ 2011 5 21 141 14.3 28.8 26.3 5.3 0 1.1 16.5 330
AuzevilleJ 2011 5 22 142 15.1 21.7 9.8 2.9 0 2.2 15.2 330
AuzevilleJ 2011 5 23 143 10.3 29.3 30.3 5.5 0.5 0.9 13.4 330
AuzevilleJ 2011 5 24 144 11.4 27.6 29.8 5.9 0 2.3 13.1 330
AuzevilleJ 2011 5 25 145 13.7 31.2 29.9 5.9 0 0.9 14.7 330
AuzevilleJ 2011 5 26 146 14.7 22.6 7.8 2.6 0 2.1 14.6 330
AuzevilleJ 2011 5 27 147 12.5 19.9 12.6 3.5 0 2.2 11 330
AuzevilleJ 2011 5 28 148 8.6 24.4 30.7 5.3 0 1.4 10.5 330
AuzevilleJ 2011 5 29 149 7.4 30.1 30.9 5.8 0 1.4 10.8 330
AuzevilleJ 2011 5 30 150 15.7 25.4 18.6 4.4 16 3.3 19.6 330
AuzevilleJ 2011 5 31 151 12.9 18.6 12.2 3.3 3.5 2.8 13.2 330
AuzevilleJ 2011 6 1 152 9.8 17.9 15.7 4 3 3.5 10.4 330
AuzevilleJ 2011 6 2 153 10.6 15.4 8.1 1.7 4.5 2 13.2 330
AuzevilleJ 2011 6 3 154 9.3 24.2 22.3 3.9 2 0.9 15.6 330
AuzevilleJ 2011 6 4 155 12.1 21.9 12.6 2.5 1.5 0.9 16.7 330
AuzevilleJ 2011 6 5 156 13.4 24.2 21.2 4.3 0 1.7 16.5 330
AuzevilleJ 2011 6 6 157 15.2 25 24.7 5.4 0.5 3 17.4 330
AuzevilleJ 2011 6 7 158 13.7 18.3 4.8 1.3 17 2.1 16.5 330
AuzevilleJ 2011 6 8 159 12.8 19.4 13.7 3.1 3 2.1 14.6 330
AuzevilleJ 2011 6 9 160 10.9 21.1 20.9 3.7 0.5 0.9 12.9 330
AuzevilleJ 2011 6 10 161 13.4 19.8 10.2 2.5 0.5 1.6 15.5 330
AuzevilleJ 2011 6 11 162 11.9 21.2 20.2 3.9 0 1.3 13.2 330
AuzevilleJ 2011 6 12 163 10.2 27.2 26.3 4.8 0 0.7 14 330
AuzevilleJ 2011 6 13 164 14.8 24.5 21.9 4.3 0.5 1.5 17.1 330
AuzevilleJ 2011 6 14 165 14.9 27.8 27.1 5.5 0 1.2 16.8 330
AuzevilleJ 2011 6 15 166 14.5 30 28.6 5.7 0 0.8 16.9 330
AuzevilleJ 2011 6 16 167 16.9 20.7 6.1 1.8 1 1.5 17.8 330
AuzevilleJ 2011 6 17 168 13.9 27.6 22 4.8 2 2 17.9 330
AuzevilleJ 2011 6 18 169 13.6 21.4 13.9 3.5 0.5 2.4 14.8 330
AuzevilleJ 2011 6 19 170 9 24.4 27.9 5 0 1.4 12 330
AuzevilleJ 2011 6 20 171 10.6 30.7 30.2 5.6 0 0.7 14.8 330
AuzevilleJ 2011 6 21 172 14.6 30.9 24 5.1 1.5 1.2 19.9 330
AuzevilleJ 2011 6 22 173 17.8 20.8 5.8 1.8 1 2 19 330
AuzevilleJ 2011 6 23 174 15.3 21.6 13.7 3.6 0 2.3 14.9 330
AuzevilleJ 2011 6 24 175 13.7 23.4 29.7 6.2 0 2.5 11.5 330
AuzevilleJ 2011 6 25 176 10.3 31 30.7 5.8 0 0.8 13.1 330
AuzevilleJ 2011 6 26 177 14.6 33.7 30.7 7.8 0 3.5 15 330
AuzevilleJ 2011 6 27 178 18.8 31.2 29.8 8.3 0 4.9 19.6 330
AuzevilleJ 2011 6 28 179 18.5 24.2 11.1 3.4 2 3 19.6 330
AuzevilleJ 2011 6 29 180 14.8 22.1 9.9 3 0 2.7 15.9 330
AuzevilleJ 2011 6 30 181 13.9 26.5 31 6.6 0 2.4 11.8 330
AuzevilleJ 2011 7 1 182 13.7 27.4 31.2 6.4 0 1.8 10.4 330
AuzevilleJ 2011 7 2 183 10 29.9 30.8 5.9 0 1.2 11.6 330
AuzevilleJ 2011 7 3 184 12.6 31.4 23.1 5.7 0 2.2 13.7 330
AuzevilleJ 2011 7 4 185 18.2 25.7 11.5 3.4 0 1.5 17.9 330
AuzevilleJ 2011 7 5 186 13 32.3 29.9 6.3 0 1.4 13.5 330
AuzevilleJ 2011 7 6 187 16.8 24.4 11.4 3.4 0 1.9 15.5 330
AuzevilleJ 2011 7 7 188 16.5 25.6 17.8 4.6 0 2.1 15.7 330
AuzevilleJ 2011 7 8 189 13.3 29.4 30 5.8 0 1 14.2 330
AuzevilleJ 2011 7 9 190 13.6 29.7 26.4 5.5 0 1.6 15.8 330
AuzevilleJ 2011 7 10 191 17.2 29.4 23.9 5.4 0 1.7 18 330
AuzevilleJ 2011 7 11 192 17.3 34 29.1 7 0 2.2 17.8 330
AuzevilleJ 2011 7 12 193 20.1 28 16.2 4.5 28.5 2.2 21.2 330
AuzevilleJ 2011 7 13 194 16.4 20.7 8.6 2.4 1.5 2.9 18.6 330
AuzevilleJ 2011 7 14 195 15.6 24.4 22 5 0 2.2 15.4 330
AuzevilleJ 2011 7 15 196 13.1 27.3 29.3 5.6 0 1.2 14.4 330
AuzevilleJ 2011 7 16 197 14.3 29.2 24.5 5.1 8.5 1.3 16.9 330
AuzevilleJ 2011 7 17 198 15 20.9 11.6 3.1 2 2.7 16 330
AuzevilleJ 2011 7 18 199 13.1 22.7 18.9 4.1 5.5 1.9 14.1 330
AuzevilleJ 2011 7 19 200 14.2 20.6 18.4 4.2 9 3.7 15.7 330
AuzevilleJ 2011 7 20 201 13 22.4 18.2 3.9 0 2.5 15.4 330
AuzevilleJ 2011 7 21 202 14.4 23.5 16.3 4.1 0 2.8 14.9 330
AuzevilleJ 2011 7 22 203 15.3 22.2 18.1 4.3 0.5 2.4 14.7 330
AuzevilleJ 2011 7 23 204 13.7 23.1 22.3 5.1 0.5 3.1 14 330
AuzevilleJ 2011 7 24 205 12.9 19.3 11.2 2.5 1.5 2.6 15.2 330
AuzevilleJ 2011 7 25 206 16.6 20.8 8.1 1.9 16 2.9 20 330
AuzevilleJ 2011 7 26 207 17.8 22.5 10.8 2.7 13 2.4 21 330
AuzevilleJ 2011 7 27 208 16.9 25.4 23.3 5 0 2.1 18.6 330
AuzevilleJ 2011 7 28 209 16.3 25 23.5 5 0 2.3 17.3 330
AuzevilleJ 2011 7 29 210 13.3 27.1 28.9 5.4 0 1.2 14.9 330
AuzevilleJ 2011 7 30 211 13.9 26.7 22.9 4.8 0 1.8 15.5 330
AuzevilleJ 2011 7 31 212 12.6 26.9 28.8 5.4 0 1.4 13.6 330
AuzevilleJ 2011 8 1 213 10.6 30.4 28.1 5.7 0 2.2 14.5 330
AuzevilleJ 2011 8 2 214 20.2 28.6 22 6.1 7 4.6 22.6 330
AuzevilleJ 2011 8 3 215 18.4 25 12 2.9 0 1.4 21 330
AuzevilleJ 2011 8 4 216 17.1 28.5 25.5 5.2 0 1.2 19.7 330
AuzevilleJ 2011 8 5 217 15.9 30.8 20.4 4.4 0 0.9 20.6 330
AuzevilleJ 2011 8 6 218 19 32.2 22 5.5 5.5 2 24 330
AuzevilleJ 2011 8 7 219 17.2 24.3 14.3 3.3 0 1.3 18.6 330
AuzevilleJ 2011 8 8 220 17 23.7 17 4.6 0 3.1 15 330
AuzevilleJ 2011 8 9 221 12.9 23 20.4 4.3 0 2.4 13.4 330
AuzevilleJ 2011 8 10 222 9.7 26.7 27.6 4.7 0 1 13.2 330
AuzevilleJ 2011 8 11 223 10.1 29.9 27.5 5 0 1 14 330
AuzevilleJ 2011 8 12 224 15.5 29.3 24.5 5 0 1.3 17.1 330
AuzevilleJ 2011 8 13 225 15.9 30.3 24 5 0 1.2 18.1 330
AuzevilleJ 2011 8 14 226 18.6 25.7 12.8 3.2 0 1.4 20.3 330
AuzevilleJ 2011 8 15 227 17.6 28.4 18.2 4.1 0 1.4 19.9 330
AuzevilleJ 2011 8 16 228 18 32.1 24.5 5.2 0 0.9 21.9 330
AuzevilleJ 2011 8 17 229 17.1 33.6 25 6.4 0 3.4 20 330
AuzevilleJ 2011 8 18 230 19.5 30 12.9 4 0 3 23.7 330
AuzevilleJ 2011 8 19 231 18.4 35 24.2 5.7 0 1.5 22.1 330
AuzevilleJ 2011 8 20 232 17.9 38.3 24.1 6.6 0 2.7 21.3 330
AuzevilleJ 2011 8 21 233 21.8 36.4 22.7 6.8 0 3.1 23 330
AuzevilleJ 2011 8 22 234 21.9 33.5 18.7 6 0 3.1 21.9 330
AuzevilleJ 2011 8 23 235 19.6 28.7 12.3 3.2 0 1.1 20.5 330
AuzevilleJ 2011 8 24 236 18.2 26.8 12.6 3.1 0 1.7 20.2 330
AuzevilleJ 2011 8 25 237 18.5 31.6 21.7 5.4 0 2.8 22.5 330
AuzevilleJ 2011 8 26 238 13.9 22 4.4 1.5 9 2.6 17.1 330
AuzevilleJ 2011 8 27 239 14.2 23.5 18.7 3.9 0 2 14.6 330
AuzevilleJ 2011 8 28 240 9.7 26 21.5 3.6 0 0.8 13.9 330
AuzevilleJ 2011 8 29 241 11.7 27.5 23.7 4.2 0 1.1 14.6 330
AuzevilleJ 2011 8 30 242 13 30 23.3 4.3 0 0.8 15.6 330
AuzevilleJ 2011 8 31 243 17.1 28.4 17.9 4.4 0 3.4 19.9 330
AuzevilleJ 2011 9 1 244 19.9 29.6 18.6 5 0 4.4 23.1 330
AuzevilleJ 2011 9 2 245 20.8 31.1 20.2 5.1 27 2.6 22.8 330
AuzevilleJ 2011 9 3 246 18.4 27.7 15.8 3.4 29.5 1.3 22.8 330
AuzevilleJ 2011 9 4 247 18.1 25.8 10.1 2.9 0 2.1 21.1 330
AuzevilleJ 2011 9 5 248 16.1 22.4 11.2 2.9 0.5 2 15.6 330
AuzevilleJ 2011 9 6 249 12.4 26.6 22 3.7 0 0.8 15.2 330
AuzevilleJ 2011 9 7 250 12.6 26.3 17.2 3.4 0 1.8 16 330
AuzevilleJ 2011 9 8 251 16.2 24.8 8.9 2.1 0 1.2 19.8 330
AuzevilleJ 2011 9 9 252 13.8 33.1 21.9 4.4 0 1.4 19.3 330
AuzevilleJ 2011 9 10 253 20.8 29.3 21.4 5.7 0 5.1 23.8 330
AuzevilleJ 2011 9 11 254 20.5 26.1 10.2 2.9 0 1.7 20 330
AuzevilleJ 2011 9 12 255 14.3 28.2 21 3.8 0 1.2 17.7 330
AuzevilleJ 2011 9 13 256 14 30.3 21.1 4 0 1.4 17.3 330
AuzevilleJ 2011 9 14 257 19.3 27.1 15.7 3.6 0 1.6 20.2 330
AuzevilleJ 2011 9 15 258 12.8 31.7 18.4 4.1 0 2 16.4 330
AuzevilleJ 2011 9 16 259 19.6 30.3 17.9 4.6 0 2.7 20.2 330
AuzevilleJ 2011 9 17 260 18.8 22.6 7.9 2.3 1.5 1.9 18.5 330
AuzevilleJ 2011 9 18 261 13.4 18.4 8.5 2.2 3 2.7 14.4 330
AuzevilleJ 2011 9 19 262 12.7 18.9 9 2.1 12 2.6 15.1 330
AuzevilleJ 2011 9 20 263 9.7 24 19.6 2.9 0 0.9 14.2 330
AuzevilleJ 2011 9 21 264 9.4 27 18.1 2.8 0 0.6 15.7 330
AuzevilleJ 2011 9 22 265 11 26.4 19.1 3.1 0 1.2 15.1 330
AuzevilleJ 2011 9 23 266 10.8 28.1 18.4 3 0 0.9 15.1 330
AuzevilleJ 2011 9 24 267 17.8 21.8 6.6 1.9 0 1.3 17.3 330
AuzevilleJ 2011 9 25 268 11.4 28.5 18.6 3 0 0.8 16.3 330
AuzevilleJ 2011 9 26 269 11.7 30.4 18.5 3 0 0.6 16.5 330
AuzevilleJ 2011 9 27 270 11.7 30.6 18.1 3.1 0 0.8 15.6 330
AuzevilleJ 2011 9 28 271 14.3 30.4 17.9 4 0 2.5 15.4 330
AuzevilleJ 2011 9 29 272 11.2 29.2 17.6 3.6 0 2.3 13.7 330
AuzevilleJ 2011 9 30 273 10.4 28.2 17.7 3.6 0 2.6 13.2 330
AuzevilleJ 2011 10 1 274 12.3 28.2 18 3.9 0 2.8 13.3 330
AuzevilleJ 2011 10 2 275 7.9 31.1 18 2.8 0 0.9 13.4 330
AuzevilleJ 2011 10 3 276 8.9 29.6 17.2 2.7 0 0.9 12.7 330
AuzevilleJ 2011 10 4 277 11.8 28.2 16.7 2.9 0 1.3 13.1 330
AuzevilleJ 2011 10 5 278 13.4 24.2 14.5 2.5 0 1.3 15.4 330
AuzevilleJ 2011 10 6 279 10.3 25 14.2 2.4 5 2.1 15.3 330
AuzevilleJ 2011 10 7 280 13.1 17.4 12 2.9 0 3.7 11.3 330
AuzevilleJ 2011 10 8 281 10 18 12.8 2.6 0 3.4 10.9 330
AuzevilleJ 2011 10 9 282 12.8 19.6 11 2.5 0 2.8 12.1 330
AuzevilleJ 2011 10 10 283 11 24.4 15.8 2.1 0 0.9 15.4 330
AuzevilleJ 2011 10 11 284 9.3 26.4 15.6 2.2 0 1 15.1 330
AuzevilleJ 2011 10 12 285 9.1 25.3 15.7 2.2 0 1.3 14.3 330
AuzevilleJ 2011 10 13 286 12 21.1 15.5 2.3 0 1.8 13.7 330
AuzevilleJ 2011 10 14 287 6.2 23 15.4 1.8 0 0.9 11.8 330
AuzevilleJ 2011 10 15 288 8.5 23.2 15 2.4 0 2.8 12.2 330
AuzevilleJ 2011 10 16 289 6.8 23.7 14.8 1.8 0 0.9 12.5 330
AuzevilleJ 2011 10 17 290 5.9 23.8 14.6 1.7 0.5 0.7 12 330
AuzevilleJ 2011 10 18 291 5.6 23.1 14.2 1.6 0 1 12.1 330
AuzevilleJ 2011 10 19 292 11.7 17.2 3.2 1.1 4.5 1.7 14 330
AuzevilleJ 2011 10 20 293 6.4 15 13.6 1.6 0 1.7 9 330
AuzevilleJ 2011 10 21 294 0.2 15.3 14.2 1.1 0 0.6 7.8 330
AuzevilleJ 2011 10 22 295 3.4 20.2 13.9 1.7 0 4.1 9.8 330
AuzevilleJ 2011 10 23 296 13.3 20.7 13 2.8 0 5.5 14.7 330
AuzevilleJ 2011 10 24 297 15.1 20.8 6.3 2.8 2.5 6.1 16 330
AuzevilleJ 2011 10 25 298 10 18.4 7.1 1.2 3.5 1.1 14.2 330
AuzevilleJ 2011 10 26 299 3.1 19.3 12.8 1.6 0 3.2 9.8 330
AuzevilleJ 2011 10 27 300 12.8 19.4 2.8 1.8 0.5 4.2 13.7 330
AuzevilleJ 2011 10 28 301 12.7 15 1.7 0.2 8 0.6 15 330
AuzevilleJ 2011 10 29 302 13.2 15.4 2.3 0.5 0 0.9 15.3 330
AuzevilleJ 2011 10 30 303 11.1 19.7 8.7 1 0 0.6 15.7 330
AuzevilleJ 2011 10 31 304 8.3 19.8 11.3 1.1 0 3.1 13.9 330
AuzevilleJ 2011 11 1 305 13 16.6 2.6 0.8 0.5 2.2 15 330
AuzevilleJ 2011 11 2 306 9.8 23.1 8.6 1.5 0 4.4 14.4 330
AuzevilleJ 2011 11 3 307 15 21.7 4.6 2.5 1 5.3 15.8 330
AuzevilleJ 2011 11 4 308 8.8 19.4 6.8 0.9 4.5 1.9 13.8 330
AuzevilleJ 2011 11 5 309 12.1 14 3 0.7 8 1.6 13.7 330
AuzevilleJ 2011 11 6 310 12.5 14.8 1.9 0.4 10.5 2.6 14.8 330
AuzevilleJ 2011 11 7 311 12.7 13.4 1.1 0.2 0.5 1 14.3 330
AuzevilleJ 2011 11 8 312 7.1 16.3 8.3 0.6 0.5 0.5 12.5 330
AuzevilleJ 2011 11 9 313 5.1 19.4 10.5 0.8 0 2 12.1 330
AuzevilleJ 2011 11 10 314 11.9 18.6 5.2 0.9 0 2.3 15.2 330
AuzevilleJ 2011 11 11 315 11.8 18.3 8.4 1 0 4.3 14.7 330
AuzevilleJ 2011 11 12 316 14.3 20.2 8.4 1.4 0 4.1 16.5 330
AuzevilleJ 2011 11 13 317 13.9 18.1 9.5 2.2 0.5 5.9 13.4 330
AuzevilleJ 2011 11 14 318 12.7 17.5 8.9 2 0 6 13 330
AuzevilleJ 2011 11 15 319 13.9 17.2 6.1 1.7 3 4.7 13.9 330
AuzevilleJ 2011 11 16 320 10.7 16 6.9 1 0 2.5 12.6 330
AuzevilleJ 2011 11 17 321 7.7 16.7 8.8 0.5 0.5 0.6 12.1 330
AuzevilleJ 2011 11 18 322 3.9 15.5 8.6 0.4 0 2.4 10.5 330
AuzevilleJ 2011 11 19 323 10.6 18.6 9.1 1.2 0.5 4 13.3 330
AuzevilleJ 2011 11 20 324 13.8 19 6.6 1.6 0 4.5 15.3 330
AuzevilleJ 2011 11 21 325 13.4 17.5 5.9 1.3 0 4.1 14.7 330
AuzevilleJ 2011 11 22 326 10.9 16.3 3.5 0.7 0 0.7 12.4 330
AuzevilleJ 2011 11 23 327 8 15.9 8.4 0.4 0 1.7 11.7 330
AuzevilleJ 2011 11 24 328 7.7 9.6 1.7 0.2 0 0.8 10.9 330
AuzevilleJ 2011 11 25 329 4.8 8.5 2 0.2 0 1.3 9.4 330
AuzevilleJ 2011 11 26 330 6.1 8.9 4.1 0.3 0.5 1.3 9.5 330
AuzevilleJ 2011 11 27 331 5.6 8.5 1.9 0.3 0 1 9.2 330
AuzevilleJ 2011 11 28 332 5.2 7.2 1.7 0.3 0 1 8.4 330
AuzevilleJ 2011 11 29 333 1.7 15.9 8 0 0 2.2 10.3 330
AuzevilleJ 2011 11 30 334 3.5 14.1 5.7 0.2 0.5 0.6 10.3 330
AuzevilleJ 2011 12 1 335 1.9 16.1 6.8 0.2 0 3 10.1 330
AuzevilleJ 2011 12 2 336 6.6 11.9 2.5 0.4 0 1.6 10.1 330
AuzevilleJ 2011 12 3 337 7.2 12 3.6 0.6 4.5 1.5 9.7 330
AuzevilleJ 2011 12 4 338 9.5 15.3 4.5 0.9 0 2.5 10.9 330
AuzevilleJ 2011 12 5 339 9.4 12.3 3 0.7 2.5 2.5 10.8 330
AuzevilleJ 2011 12 6 340 7.8 12.1 3.7 0.4 7 2.7 10.8 330
AuzevilleJ 2011 12 7 341 9.8 14.9 3.4 0.9 0.5 3.3 11.9 330
AuzevilleJ 2011 12 8 342 9.4 14.3 4.3 0.5 0 0.9 11.8 330
AuzevilleJ 2011 12 9 343 3.8 12.6 4.5 0.2 0 0.6 10 330
AuzevilleJ 2011 12 10 344 2.9 15.1 7.2 0.1 0.5 0.5 10.2 330
AuzevilleJ 2011 12 11 345 1.9 13.5 6.5 0.1 1 1 9.5 330
AuzevilleJ 2011 12 12 346 7.5 12.5 4.7 0.6 0.5 1.8 10.3 330
AuzevilleJ 2011 12 13 347 3.9 12.9 5.3 0.4 0 2.8 9.3 330
AuzevilleJ 2011 12 14 348 4.8 11.7 1.7 0.5 0.5 2.1 9.3 330
AuzevilleJ 2011 12 15 349 3.7 11.5 3 0.5 1 2.1 8.3 330
AuzevilleJ 2011 12 16 350 6.5 15.5 2 1.7 9.5 4.1 10 330
AuzevilleJ 2011 12 17 351 5.6 8.6 4.1 0.8 3 4.1 8.3 330
AuzevilleJ 2011 12 18 352 4.4 7.9 4.8 0.7 0 3.4 7.6 330
AuzevilleJ 2011 12 19 353 1.1 9.2 2.9 0.4 2 2.3 7.2 330
AuzevilleJ 2011 12 20 354 6.9 12.2 1.6 0.5 6 3.9 10.4 330
AuzevilleJ 2011 12 21 355 8.2 13.1 1.7 0.4 6 4 11.7 330
AuzevilleJ 2011 12 22 356 10.7 12.5 2.5 0.7 0.5 2.7 12.6 330
AuzevilleJ 2011 12 23 357 3.2 10.4 2.5 0.2 1 1.4 9.5 330
AuzevilleJ 2011 12 24 358 5.3 9.2 6.4 0.6 0 2.9 7.8 330
AuzevilleJ 2011 12 25 359 -1.9 8.4 7.8 0 0 0.8 6.7 330
AuzevilleJ 2011 12 26 360 -2.2 11 5.9 0.2 0 1 7.3 330
AuzevilleJ 2011 12 27 361 -1.5 12.8 7.9 0.1 0.5 1.1 7.6 330
AuzevilleJ 2011 12 28 362 -2.3 12 6.1 0 3 1.1 7.6 330
AuzevilleJ 2011 12 29 363 5 9.1 7.3 0.4 0 3.3 8 330
AuzevilleJ 2011 12 30 364 6 10.9 2.9 0.6 2.5 3.9 9.5 330
AuzevilleJ 2011 12 31 365 8.5 12.7 2 0.4 1 3.9 11.5 330
