          79 repartir   350.000000       2.52679442E-08   0.00000000       7.21941218E-09   0.00000000     deltai   1.05964518E-05   0.00000000    
          80 repartir   350.000000       1.50645349E-07   1.05964518E-05   4.30415277E-08   0.00000000     deltai   8.53630809E-06   1.04458068E-05
          81 repartir   350.000000       1.15707962E-06   1.91327599E-05   3.30594190E-07   0.00000000     deltai   3.51066628E-05   1.79756807E-05
          82 repartir   350.000000       3.73152443E-06   5.42394228E-05   1.06614982E-06   0.00000000     deltai   4.54311157E-05   5.05078970E-05
          83 repartir   350.000000       1.01659143E-05   9.96705348E-05   2.90454682E-06   0.00000000     deltai   7.49318569E-05   8.95046178E-05
          84 repartir   350.000000       4.20295073E-05   1.74602392E-04   1.20084305E-05   0.00000000     deltai   9.73057613E-05   1.32572881E-04
          85 repartir   350.000000       5.15835418E-05   2.71908153E-04   1.47381543E-05   0.00000000     deltai   2.14288993E-05   2.20324611E-04
          86 repartir   350.000000       5.62974310E-05   2.93337042E-04   1.60849795E-05   0.00000000     deltai   1.04617893E-05   2.37039611E-04
          87 repartir   350.000000       5.86624410E-05   3.03798821E-04   1.67606977E-05   0.00000000     deltai   4.87381976E-06   2.45136383E-04
          88 repartir   350.000000       5.99673258E-05   3.08672636E-04   1.71335214E-05   0.00000000     deltai   5.91268872E-06   2.48705299E-04
          89 repartir   350.000000       6.01032698E-05   3.14585312E-04   1.71723623E-05   0.00000000     deltai   0.00000000       2.54482031E-04
          90 repartir   350.000000       6.05507339E-05   3.14585312E-04   1.73002099E-05   0.00000000     deltai   0.00000000       2.54034589E-04
          91 repartir   350.000000       6.52701201E-05   3.14585312E-04   1.86486050E-05   0.00000000     deltai   1.72200253E-05   2.49315199E-04
          92 repartir   350.000000       6.53258758E-05   3.31805350E-04   1.86645357E-05   0.00000000     deltai   5.22044218E-07   2.66479474E-04
          93 repartir   350.000000       6.68374414E-05   3.32327385E-04   1.90964111E-05   0.00000000     deltai   1.05316367E-05   2.65489944E-04
          94 repartir   350.000000       6.72756578E-05   3.42859013E-04   1.92216175E-05   0.00000000     deltai   0.00000000       2.75583356E-04
          95 repartir   350.000000       7.10212116E-05   3.42859013E-04   2.02917745E-05   0.00000000     deltai   6.35195511E-06   2.71837809E-04
          96 repartir   350.000000       7.11217945E-05   3.49210983E-04   2.03205127E-05   0.00000000     deltai   0.00000000       2.78089195E-04
          97 repartir   350.000000       8.00774142E-05   3.49210983E-04   2.28792615E-05   0.00000000     deltai   4.83993317E-05   2.69133569E-04
          98 repartir   350.000000       1.13789523E-04   3.97610303E-04   3.25112924E-05   0.00000000     deltai   9.87848907E-05   2.83820787E-04
          99 repartir   350.000000       1.34967922E-04   4.96395165E-04   3.85622661E-05   0.00000000     deltai   9.74337381E-05   3.61427257E-04
         100 repartir   350.000000       1.50271386E-04   5.93828910E-04   4.29346801E-05   0.00000000     deltai   9.63189013E-05   4.43557510E-04
         101 repartir   350.000000       1.85779034E-04   6.90147805E-04   5.30797224E-05   0.00000000     deltai   7.99812988E-05   5.04368800E-04
         102 repartir   350.000000       2.12068291E-04   7.70129089E-04   6.05909445E-05   0.00000000     deltai   6.70406662E-05   5.58060827E-04
         103 repartir   350.000000       2.25622076E-04   8.37169762E-04   6.44634492E-05   0.00000000     deltai   2.99930671E-05   6.11547672E-04
         104 repartir   350.000000       2.42537964E-04   8.67162831E-04   6.92965623E-05   0.00000000     deltai   6.53705647E-05   6.24624896E-04
         105 repartir   350.000000       3.20847292E-04   9.32533410E-04   9.16706558E-05   0.00000000     deltai   1.22111451E-04   6.11686148E-04
         106 repartir   350.000000       3.83589562E-04   1.05464482E-03   1.09597015E-04   0.00000000     deltai   1.80623043E-04   6.71055284E-04
         107 repartir   350.000000       4.70754108E-04   1.23526785E-03   1.34501170E-04   0.00000000     deltai   1.54940586E-04   7.64513738E-04
         108 repartir   350.000000       5.28972421E-04   1.39020849E-03   1.51134984E-04   0.00000000     deltai   1.49680534E-04   8.61236069E-04
         109 repartir   350.000000       5.61002293E-04   1.53988902E-03   1.60286378E-04   0.00000000     deltai   2.73436908E-05   9.78886732E-04
         110 repartir   350.000000       7.42390461E-04   1.56723277E-03   2.12111569E-04   0.00000000     deltai   1.43806916E-04   8.24842311E-04
         111 repartir   350.000000       8.88284470E-04   1.71103969E-03   2.53795559E-04   0.00000000     deltai   1.36299350E-04   8.22755217E-04
         112 repartir   350.000000       1.11128215E-03   1.84733910E-03   3.17509170E-04   0.00000000     deltai   1.88707490E-04   7.36056943E-04
         113 repartir   350.000000       1.18772988E-03   2.03604670E-03   3.39351391E-04   0.00000000     deltai   1.08456974E-04   8.48316820E-04
         114 repartir   350.000000       1.30565092E-03   2.14450364E-03   3.73043120E-04   0.00000000     deltai   1.41110548E-04   8.38852720E-04
         115 repartir   350.000000       1.39060710E-03   2.28561414E-03   3.97316297E-04   0.00000000     deltai   1.84487784E-04   8.95007048E-04
         116 repartir   350.000000       1.61326875E-03   2.47010193E-03   4.60933923E-04   0.00000000     deltai   2.70583987E-04   8.56833183E-04
         117 repartir   350.000000       1.85680389E-03   2.74068583E-03   5.30515390E-04   0.00000000     deltai   3.47212452E-04   8.83881934E-04
         118 repartir   350.000000       2.02783593E-03   3.08789825E-03   5.79381653E-04   0.00000000     deltai   2.11548730E-04   1.06006232E-03
         119 repartir   350.000000       2.54394859E-03   3.29944701E-03   7.26842496E-04   0.00000000     deltai   3.37935053E-04   7.55498419E-04
         120 repartir   350.000000       2.93409475E-03   3.62678571E-03   8.38312728E-04   0.00000000     deltai   2.07174075E-04   6.92690955E-04
         121 repartir   350.000000       3.17495503E-03   3.83395981E-03   9.07130016E-04   0.00000000     deltai   1.23512960E-04   6.59004785E-04
         122 repartir   350.000000       3.55849019E-03   3.95747274E-03   1.01671147E-03   0.00000000     deltai   2.07026576E-04   3.98982549E-04
         123 repartir   350.000000       3.92026547E-03   4.16449923E-03   1.12007582E-03   0.00000000     deltai   3.40911502E-04   2.44233757E-04
         124 repartir   350.000000       3.92026547E-03   4.50541079E-03   1.12007582E-03   0.00000000     deltai   0.00000000       5.85145317E-04
         125 repartir   350.000000       4.03193431E-03   4.50541079E-03   1.15198118E-03   0.00000000     deltai   1.47258485E-04   4.73476481E-04
         126 repartir   350.000000       4.03348543E-03   4.65266919E-03   1.15242449E-03   0.00000000     deltai   0.00000000       6.19183760E-04
         127 repartir   350.000000       4.03699558E-03   4.65266919E-03   1.15342729E-03   0.00000000     deltai   0.00000000       6.15673605E-04
         128 repartir   350.000000       4.08473471E-03   4.65266919E-03   1.16706709E-03   0.00000000     deltai   1.23200298E-04   5.67934476E-04
         129 repartir   350.000000       4.24226420E-03   4.77586966E-03   1.21207547E-03   0.00000000     deltai   2.22909264E-04   5.33605460E-04
         130 repartir   350.000000       4.72979015E-03   4.99877892E-03   1.35136861E-03   0.00000000     deltai   3.81660968E-04   2.68988777E-04
         131 repartir   350.000000       4.88730334E-03   5.38044004E-03   1.39637233E-03   0.00000000     deltai   4.14992450E-04   4.93136700E-04
         132 repartir   350.000000       4.91762627E-03   5.79543225E-03   1.40503608E-03   0.00000000     deltai   6.68955618E-05   8.77805986E-04
         133 repartir   350.000000       5.00796735E-03   5.86232776E-03   1.43084780E-03   0.00000000     deltai   8.63565729E-05   8.54360405E-04
         134 repartir   350.000000       5.16693341E-03   5.94868418E-03   1.47626677E-03   0.00000000     deltai   6.23154192E-05   7.81750772E-04
         135 repartir   350.000000       5.39207179E-03   6.01099944E-03   1.54059194E-03   0.00000000     deltai   1.20729492E-04   6.18927646E-04
         136 repartir   350.000000       5.66281145E-03   6.13172911E-03   1.61794620E-03   0.00000000     deltai   2.23756128E-04   4.68917657E-04
         137 repartir   350.000000       5.74457226E-03   6.35548541E-03   1.64130644E-03   0.00000000     deltai   5.11224134E-05   6.10913150E-04
         138 repartir   350.000000       6.61710184E-03   6.40660804E-03   1.89060054E-03   0.00000000     deltai   2.68119475E-04   0.00000000    
