angers 2004 1 1 1 -1.6 6.9 1.8 -999.9 5.5 2.8 7.2 375.0 
angers 2004 1 2 2 3.7 8.0 2.5 -999.9 0.5 3.5 8.2 375.0 
angers 2004 1 3 3 -1.4 4.0 3.9 -999.9 0.0 0.5 6.0 375.0 
angers 2004 1 4 4 -3.3 4.5 1.4 -999.9 0.0 1.3 5.9 375.0 
angers 2004 1 5 5 2.7 8.9 2.2 -999.9 0.0 2.2 8.3 375.0 
angers 2004 1 6 6 4.8 11.4 4.9 -999.9 0.0 1.9 9.4 375.0 
angers 2004 1 7 7 0.0 9.0 3.7 -999.9 0.0 1.9 8.0 375.0 
angers 2004 1 8 8 6.7 11.9 1.8 -999.9 9.5 3.6 10.3 375.0 
angers 2004 1 9 9 7.9 13.2 3.9 -999.9 2.5 1.5 11.5 375.0 
angers 2004 1 10 10 7.9 13.6 3.0 -999.9 1.0 1.6 12.5 375.0 
angers 2004 1 11 11 11.7 14.3 3.0 -999.9 7.0 4.1 13.3 375.0 
angers 2004 1 12 12 8.9 14.4 1.5 -999.9 27.5 3.4 13.1 375.0 
angers 2004 1 13 13 7.8 14.0 0.3 -999.9 15.0 3.6 13.0 375.0 
angers 2004 1 14 14 5.8 10.4 3.0 -999.9 3.0 3.0 10.6 375.0 
angers 2004 1 15 15 3.2 10.4 3.5 -999.9 4.0 3.3 8.7 375.0 
angers 2004 1 16 16 7.9 11.7 2.7 -999.9 9.0 2.1 11.3 375.0 
angers 2004 1 17 17 5.1 8.6 2.2 -999.9 6.0 1.8 9.4 375.0 
angers 2004 1 18 18 3.6 8.1 4.7 -999.9 0.0 3.1 7.8 375.0 
angers 2004 1 19 19 -0.7 8.3 2.1 -999.9 0.0 2.2 7.5 375.0 
angers 2004 1 20 20 7.1 9.9 1.9 -999.9 0.0 2.0 10.3 375.0 
angers 2004 1 21 21 7.8 9.4 1.5 -999.9 0.0 1.1 10.5 375.0 
angers 2004 1 22 22 5.9 7.8 1.7 -999.9 15.5 1.0 8.9 375.0 
angers 2004 1 23 23 6.0 10.5 2.2 -999.9 4.0 0.5 10.9 375.0 
angers 2004 1 24 24 5.8 11.0 6.0 -999.9 0.0 1.4 9.9 375.0 
angers 2004 1 25 25 1.2 9.1 5.1 -999.9 20.5 1.3 8.1 375.0 
angers 2004 1 26 26 1.8 8.0 1.6 -999.9 2.5 3.0 8.6 375.0 
angers 2004 1 27 27 0.8 6.3 4.5 -999.9 0.0 2.0 7.2 375.0 
angers 2004 1 28 28 0.2 6.2 6.1 -999.9 1.5 3.7 6.5 375.0 
angers 2004 1 29 29 -1.6 6.1 8.1 -999.9 0.0 1.8 5.7 375.0 
angers 2004 1 30 30 -2.3 8.9 5.3 -999.9 0.5 2.5 6.2 375.0 
angers 2004 1 31 31 3.9 13.4 2.1 -999.9 2.0 2.9 10.0 375.0 
angers 2004 2 1 32 10.1 15.1 4.9 -999.9 0.0 4.3 12.4 375.0 
angers 2004 2 2 33 9.1 15.8 7.8 -999.9 0.0 2.5 12.1 375.0 
angers 2004 2 3 34 10.5 17.8 7.5 -999.9 0.0 1.5 11.9 375.0 
angers 2004 2 4 35 7.4 18.8 8.3 -999.9 0.0 1.5 11.6 375.0 
angers 2004 2 5 36 10.8 17.9 5.9 -999.9 0.0 1.5 12.6 375.0 
angers 2004 2 6 37 7.3 15.4 4.7 -999.9 0.0 2.8 11.4 375.0 
angers 2004 2 7 38 6.7 12.0 7.7 -999.9 0.0 3.0 9.5 375.0 
angers 2004 2 8 39 5.5 11.3 6.0 -999.9 0.0 2.7 9.3 375.0 
angers 2004 2 9 40 -1.0 8.9 9.5 -999.9 0.0 1.4 6.6 375.0 
angers 2004 2 10 41 -3.9 9.9 10.0 -999.9 0.0 1.5 5.8 375.0 
angers 2004 2 11 42 -2.8 10.3 7.6 -999.9 0.0 1.1 7.3 375.0 
angers 2004 2 12 43 6.7 10.9 6.5 -999.9 0.0 2.2 9.7 375.0 
angers 2004 2 13 44 0.1 11.3 8.4 -999.9 0.0 2.0 7.9 375.0 
angers 2004 2 14 45 -0.7 11.9 9.9 -999.9 0.0 2.0 7.9 375.0 
angers 2004 2 15 46 -1.4 9.7 7.5 -999.9 0.5 1.3 7.5 375.0 
angers 2004 2 16 47 2.9 10.2 6.9 -999.9 0.0 1.9 8.7 375.0 
angers 2004 2 17 48 2.1 10.2 5.6 -999.9 1.0 1.2 8.3 375.0 
angers 2004 2 18 49 4.1 8.5 4.6 -999.9 0.5 2.1 8.4 375.0 
angers 2004 2 19 50 2.1 6.8 7.7 -999.9 0.0 4.8 6.5 375.0 
angers 2004 2 20 51 1.2 7.8 7.8 -999.9 0.0 3.8 6.0 375.0 
angers 2004 2 21 52 3.9 9.7 4.2 -999.9 1.5 3.5 8.4 375.0 
angers 2004 2 22 53 1.6 4.1 1.2 -999.9 28.0 2.6 7.1 375.0 
angers 2004 2 23 54 0.1 7.0 9.1 -999.9 0.0 2.9 6.0 375.0 
angers 2004 2 24 55 -3.4 7.2 11.5 -999.9 0.0 1.2 5.9 375.0 
angers 2004 2 25 56 -2.5 6.3 4.2 -999.9 0.5 1.2 6.2 375.0 
angers 2004 2 26 57 -4.9 6.1 9.2 -999.9 0.0 1.7 5.5 375.0 
angers 2004 2 27 58 -1.1 5.4 6.1 -999.9 0.0 1.8 6.1 375.0 
angers 2004 2 28 59 -3.2 7.0 9.1 -999.9 0.5 1.4 6.3 375.0 
angers 2004 2 29 60 -4.4 6.7 9.3 -999.9 1.5 1.8 6.2 375.0 
angers 2004 3 1 61 -3.3 6.1 13.6 -999.9 1.5 2.4 5.2 375.0 
angers 2004 3 2 62 -4.5 8.3 14.0 -999.9 0.0 1.4 5.1 375.0 
angers 2004 3 3 63 -2.3 11.7 10.7 -999.9 2.5 1.6 5.9 375.0 
angers 2004 3 4 64 5.8 11.2 1.9 -999.9 17.0 2.7 10.5 375.0 
angers 2004 3 5 65 6.5 10.9 5.8 -999.9 0.0 1.3 10.1 375.0 
angers 2004 3 6 66 2.0 12.2 11.1 -999.9 0.0 1.5 8.7 375.0 
angers 2004 3 7 67 1.2 10.3 10.5 -999.9 1.0 1.8 8.4 375.0 
angers 2004 3 8 68 -0.3 8.7 10.1 -999.9 0.0 1.8 7.0 375.0 
angers 2004 3 9 69 -1.3 6.8 7.7 -999.9 0.0 1.8 5.9 375.0 
angers 2004 3 10 70 -3.7 4.9 9.8 -999.9 0.0 1.0 5.2 375.0 
angers 2004 3 11 71 -4.2 5.1 8.5 -999.9 1.5 2.1 5.0 375.0 
angers 2004 3 12 72 3.7 11.0 3.9 -999.9 5.0 3.3 9.1 375.0 
angers 2004 3 13 73 4.7 14.3 13.9 -999.9 0.0 2.9 9.6 375.0 
angers 2004 3 14 74 5.3 14.4 10.9 -999.9 0.0 4.6 9.6 375.0 
angers 2004 3 15 75 9.7 14.6 5.4 -999.9 1.0 2.5 12.7 375.0 
angers 2004 3 16 76 4.1 21.7 16.9 -999.9 0.0 1.5 10.7 375.0 
angers 2004 3 17 77 5.5 22.8 14.5 -999.9 0.0 0.9 11.6 375.0 
angers 2004 3 18 78 8.3 15.1 8.4 -999.9 2.5 2.6 12.2 375.0 
angers 2004 3 19 79 8.4 13.1 5.0 -999.9 1.5 4.4 11.9 375.0 
angers 2004 3 20 80 11.8 13.5 4.6 -999.9 5.5 4.9 13.7 375.0 
angers 2004 3 21 81 7.0 14.5 13.9 -999.9 2.0 4.8 11.2 375.0 
angers 2004 3 22 82 4.6 10.6 10.9 -999.9 1.5 3.6 8.9 375.0 
angers 2004 3 23 83 1.4 9.5 11.6 -999.9 3.5 2.1 8.2 375.0 
angers 2004 3 24 84 1.1 11.0 14.0 -999.9 0.0 2.3 7.9 375.0 
angers 2004 3 25 85 -0.3 9.3 12.6 -999.9 0.5 1.6 7.5 375.0 
angers 2004 3 26 86 0.1 9.4 13.7 -999.9 0.0 2.8 6.3 375.0 
angers 2004 3 27 87 -2.1 9.7 15.9 -999.9 0.0 1.5 5.9 375.0 
angers 2004 3 28 88 -3.1 14.2 19.4 -999.9 0.0 1.5 6.2 375.0 
angers 2004 3 29 89 1.9 16.0 17.9 -999.9 0.0 3.1 6.4 375.0 
angers 2004 3 30 90 2.1 18.1 18.2 -999.9 0.0 2.1 7.7 375.0 
angers 2004 3 31 91 9.8 13.9 5.4 -999.9 2.0 2.3 12.3 375.0 
angers 2004 4 1 92 7.7 17.6 11.2 -999.9 5.0 2.7 12.6 375.0 
angers 2004 4 2 93 7.9 15.4 14.1 -999.9 0.0 2.8 11.0 375.0 
angers 2004 4 3 94 8.5 14.8 10.2 -999.9 3.5 4.7 11.5 375.0 
angers 2004 4 4 95 8.2 16.4 18.0 -999.9 0.0 3.4 11.0 375.0 
angers 2004 4 5 96 7.3 14.0 10.2 -999.9 1.0 3.5 10.2 375.0 
angers 2004 4 6 97 7.2 12.9 11.7 -999.9 1.5 3.6 10.1 375.0 
angers 2004 4 7 98 2.0 13.4 16.1 -999.9 0.0 1.9 8.7 375.0 
angers 2004 4 8 99 0.5 12.0 15.0 -999.9 1.5 1.5 8.1 375.0 
angers 2004 4 9 100 2.0 11.8 16.0 -999.9 0.0 2.2 7.8 375.0 
angers 2004 4 10 101 0.6 14.3 17.8 -999.9 0.0 1.6 7.9 375.0 
angers 2004 4 11 102 4.0 13.0 21.3 -999.9 0.0 2.6 7.9 375.0 
angers 2004 4 12 103 1.0 14.6 22.5 -999.9 0.0 2.3 7.6 375.0 
angers 2004 4 13 104 2.5 12.9 12.4 -999.9 0.0 1.6 9.0 375.0 
angers 2004 4 14 105 5.1 15.5 14.4 -999.9 0.0 1.2 9.5 375.0 
angers 2004 4 15 106 1.8 17.8 19.5 -999.9 0.0 1.4 8.6 375.0 
angers 2004 4 16 107 7.0 19.2 20.7 -999.9 1.5 2.0 10.2 375.0 
angers 2004 4 17 108 8.2 13.8 19.5 -999.9 4.0 3.3 10.1 375.0 
angers 2004 4 18 109 7.1 12.0 12.1 -999.9 10.0 5.5 10.2 375.0 
angers 2004 4 19 110 3.7 12.8 15.0 -999.9 4.5 3.4 9.5 375.0 
angers 2004 4 20 111 7.3 16.3 9.9 -999.9 0.0 2.7 12.2 375.0 
angers 2004 4 21 112 10.7 20.6 12.0 -999.9 0.0 2.9 14.2 375.0 
angers 2004 4 22 113 8.5 17.6 18.8 -999.9 0.0 1.5 12.2 375.0 
angers 2004 4 23 114 5.7 18.8 24.8 -999.9 0.0 1.8 11.1 375.0 
angers 2004 4 24 115 6.8 20.7 24.9 -999.9 0.0 1.9 10.2 375.0 
angers 2004 4 25 116 6.8 20.8 24.4 -999.9 0.0 1.9 9.9 375.0 
angers 2004 4 26 117 6.0 21.0 26.0 -999.9 0.0 1.5 10.2 375.0 
angers 2004 4 27 118 6.6 20.3 21.6 -999.9 0.0 1.6 11.6 375.0 
angers 2004 4 28 119 7.0 18.4 15.4 -999.9 0.0 1.3 12.3 375.0 
angers 2004 4 29 120 6.1 16.1 12.7 -999.9 1.0 1.1 11.9 375.0 
angers 2004 4 30 121 7.9 17.5 15.6 -999.9 1.0 1.9 11.7 375.0 
angers 2004 5 1 122 9.1 15.4 10.7 -999.9 2.5 2.3 12.0 375.0 
angers 2004 5 2 123 3.2 20.1 15.0 -999.9 1.0 1.2 11.2 375.0 
angers 2004 5 3 124 4.3 19.7 23.8 -999.9 0.0 1.7 11.2 375.0 
angers 2004 5 4 125 6.0 12.0 7.7 -999.9 10.0 3.3 10.2 375.0 
angers 2004 5 5 126 5.2 13.3 16.5 -999.9 5.0 2.7 10.0 375.0 
angers 2004 5 6 127 4.0 13.7 13.4 -999.9 6.0 1.9 10.3 375.0 
angers 2004 5 7 128 5.9 15.3 19.7 -999.9 0.0 2.5 10.5 375.0 
angers 2004 5 8 129 5.8 16.2 16.7 -999.9 0.0 3.6 10.6 375.0 
angers 2004 5 9 130 4.6 17.9 21.4 -999.9 0.0 1.7 10.9 375.0 
angers 2004 5 10 131 6.7 16.7 11.8 -999.9 2.0 1.1 12.9 375.0 
angers 2004 5 11 132 9.8 20.0 14.4 -999.9 0.0 1.4 15.4 375.0 
angers 2004 5 12 133 10.0 20.1 20.8 -999.9 0.0 2.7 14.2 375.0 
angers 2004 5 13 134 6.2 16.0 17.1 -999.9 0.0 2.2 10.3 375.0 
angers 2004 5 14 135 5.7 18.9 24.5 -999.9 0.0 1.4 11.1 375.0 
angers 2004 5 15 136 6.2 22.5 26.2 -999.9 0.0 1.6 12.4 375.0 
angers 2004 5 16 137 9.4 23.8 26.5 -999.9 0.0 2.1 14.7 375.0 
angers 2004 5 17 138 9.6 26.7 27.4 -999.9 0.0 1.8 15.2 375.0 
angers 2004 5 18 139 12.2 28.2 27.0 -999.9 0.0 1.2 17.5 375.0 
angers 2004 5 19 140 12.0 27.4 26.8 -999.9 0.0 1.0 16.3 375.0 
angers 2004 5 20 141 10.6 27.0 26.3 -999.9 0.0 1.1 15.0 375.0 
angers 2004 5 21 142 10.8 19.8 21.0 -999.9 0.0 2.4 13.4 375.0 
angers 2004 5 22 143 7.5 18.2 27.7 -999.9 0.0 3.8 9.2 375.0 
angers 2004 5 23 144 5.1 19.0 28.8 -999.9 0.0 3.2 8.7 375.0 
angers 2004 5 24 145 7.1 21.8 28.9 -999.9 0.0 2.6 9.4 375.0 
angers 2004 5 25 146 6.3 24.1 28.5 -999.9 0.0 1.9 9.5 375.0 
angers 2004 5 26 147 10.5 17.2 8.5 -999.9 7.5 1.9 13.4 375.0 
angers 2004 5 27 148 10.4 22.8 21.6 -999.9 0.0 1.3 13.0 375.0 
angers 2004 5 28 149 8.5 23.8 21.7 -999.9 0.0 1.3 10.8 375.0 
angers 2004 5 29 150 12.6 24.2 17.1 -999.9 0.0 2.1 13.7 375.0 
angers 2004 5 30 151 13.5 22.7 19.3 -999.9 0.0 1.9 15.4 375.0 
angers 2004 5 31 152 11.6 16.0 6.8 -999.9 5.0 2.1 14.7 375.0 
angers 2004 6 1 153 15.2 20.5 8.6 -999.9 0.5 2.8 18.0 375.0 
angers 2004 6 2 154 11.0 22.4 25.0 -999.9 0.0 2.3 13.5 375.0 
angers 2004 6 3 155 7.7 23.9 24.9 -999.9 0.0 1.3 12.0 375.0 
angers 2004 6 4 156 10.7 25.3 24.7 -999.9 0.0 1.6 15.3 375.0 
angers 2004 6 5 157 14.7 23.7 13.2 -999.9 0.0 1.5 17.1 375.0 
angers 2004 6 6 158 11.0 27.2 28.1 -999.9 0.0 1.4 13.9 375.0 
angers 2004 6 7 159 11.8 31.6 28.4 -999.9 0.0 1.4 14.3 375.0 
angers 2004 6 8 160 16.7 28.0 25.1 -999.9 0.0 1.9 19.4 375.0 
angers 2004 6 9 161 14.5 30.7 26.1 -999.9 0.0 1.0 18.1 375.0 
angers 2004 6 10 162 17.8 26.5 16.1 -999.9 0.0 1.4 20.5 375.0 
angers 2004 6 11 163 15.1 25.6 19.0 -999.9 0.0 1.6 17.4 375.0 
angers 2004 6 12 164 9.4 23.9 27.9 -999.9 0.0 1.9 12.7 375.0 
angers 2004 6 13 165 8.5 24.9 27.4 -999.9 0.0 2.2 11.6 375.0 
angers 2004 6 14 166 9.0 26.7 28.4 -999.9 0.0 2.3 12.7 375.0 
angers 2004 6 15 167 13.1 29.8 25.4 -999.9 0.0 1.6 16.1 375.0 
angers 2004 6 16 168 12.5 27.6 22.2 -999.9 0.0 1.5 15.9 375.0 
angers 2004 6 17 169 11.1 29.4 28.4 -999.9 0.0 2.0 15.0 375.0 
angers 2004 6 18 170 10.4 21.9 17.1 -999.9 0.0 1.8 11.6 375.0 
angers 2004 6 19 171 12.8 22.0 20.9 -999.9 0.0 2.0 11.5 375.0 
angers 2004 6 20 172 6.9 19.9 17.8 -999.9 0.0 1.8 9.7 375.0 
angers 2004 6 21 173 9.5 17.7 10.7 -999.9 4.5 1.9 12.9 375.0 
angers 2004 6 22 174 13.7 25.6 14.7 -999.9 10.5 3.2 17.6 375.0 
angers 2004 6 23 175 15.9 22.0 22.3 -999.9 0.0 4.7 14.2 375.0 
angers 2004 6 24 176 10.8 23.2 24.5 -999.9 0.0 2.8 11.8 375.0 
angers 2004 6 25 177 7.6 23.8 26.7 -999.9 0.0 0.9 10.5 375.0 
angers 2004 6 26 178 13.0 30.3 16.7 -999.9 0.0 1.6 14.5 375.0 
angers 2004 6 27 179 18.3 28.0 25.8 -999.9 0.0 2.5 17.6 375.0 
angers 2004 6 28 180 10.3 25.2 28.2 -999.9 0.0 1.3 12.0 375.0 
angers 2004 6 29 181 9.1 25.7 27.0 -999.9 0.0 1.0 10.9 375.0 
angers 2004 6 30 182 9.6 29.0 21.6 -999.9 0.0 2.0 13.4 375.0 
angers 2004 7 1 183 13.1 22.0 14.8 -999.9 2.0 2.3 13.6 375.0 
angers 2004 7 2 184 13.6 23.9 25.9 -999.9 0.0 3.4 13.6 375.0 
angers 2004 7 3 185 12.5 22.7 20.7 -999.9 0.0 2.7 12.5 375.0 
angers 2004 7 4 186 11.4 23.5 15.3 -999.9 0.0 2.2 14.1 375.0 
angers 2004 7 5 187 12.1 24.2 21.0 -999.9 0.0 1.4 13.3 375.0 
angers 2004 7 6 188 9.1 26.9 21.1 -999.9 0.0 1.6 12.8 375.0 
angers 2004 7 7 189 15.9 21.6 16.1 -999.9 2.5 5.0 15.3 375.0 
angers 2004 7 8 190 13.4 19.3 9.9 -999.9 11.0 4.8 15.0 375.0 
angers 2004 7 9 191 10.7 22.1 18.8 -999.9 1.0 2.8 13.6 375.0 
angers 2004 7 10 192 6.4 21.9 22.1 -999.9 0.0 1.4 11.5 375.0 
angers 2004 7 11 193 9.2 20.1 13.0 -999.9 1.5 2.3 13.5 375.0 
angers 2004 7 12 194 12.7 21.8 16.7 -999.9 0.0 2.2 13.8 375.0 
angers 2004 7 13 195 10.7 21.3 18.1 -999.9 0.0 1.3 12.5 375.0 
angers 2004 7 14 196 9.2 24.5 17.4 -999.9 0.0 1.6 14.0 375.0 
angers 2004 7 15 197 14.4 27.0 14.3 -999.9 0.0 1.0 18.3 375.0 
angers 2004 7 16 198 12.7 31.4 26.0 -999.9 0.0 1.1 17.8 375.0 
angers 2004 7 17 199 15.7 26.6 17.5 -999.9 0.0 2.3 18.8 375.0 
angers 2004 7 18 200 15.6 22.5 10.2 -999.9 2.5 1.4 17.8 375.0 
angers 2004 7 19 201 11.8 26.9 18.8 -999.9 0.0 1.0 16.4 375.0 
angers 2004 7 20 202 15.2 27.8 23.5 -999.9 0.0 2.1 16.9 375.0 
angers 2004 7 21 203 15.0 26.7 20.2 -999.9 0.0 1.1 16.3 375.0 
angers 2004 7 22 204 15.5 26.4 13.4 -999.9 6.0 1.1 20.1 375.0 
angers 2004 7 23 205 17.1 27.8 19.4 -999.9 0.0 1.7 18.7 375.0 
angers 2004 7 24 206 11.3 28.4 26.3 -999.9 0.0 1.5 12.7 375.0 
angers 2004 7 25 207 11.3 26.6 24.7 -999.9 0.0 1.7 14.7 375.0 
angers 2004 7 26 208 13.1 24.4 21.5 -999.9 0.0 2.0 15.1 375.0 
angers 2004 7 27 209 14.4 26.6 14.6 -999.9 0.0 1.1 16.9 375.0 
angers 2004 7 28 210 12.5 30.3 25.8 -999.9 0.0 1.1 13.8 375.0 
angers 2004 7 29 211 11.8 31.4 22.6 -999.9 0.0 1.6 15.0 375.0 
angers 2004 7 30 212 13.4 29.8 22.1 -999.9 0.0 1.2 15.5 375.0 
angers 2004 7 31 213 15.8 32.7 25.1 -999.9 0.0 1.1 17.0 375.0 
angers 2004 8 1 214 16.1 34.4 22.1 -999.9 0.0 1.3 15.4 375.0 
angers 2004 8 2 215 20.2 33.8 17.4 -999.9 0.0 2.2 18.5 375.0 
angers 2004 8 3 216 17.9 28.8 16.6 -999.9 0.0 1.9 20.4 375.0 
angers 2004 8 4 217 17.7 23.6 8.4 -999.9 0.5 1.0 19.9 375.0 
angers 2004 8 5 218 17.1 27.5 15.8 -999.9 0.0 1.8 19.6 375.0 
angers 2004 8 6 219 14.5 29.2 19.2 -999.9 0.0 0.9 17.3 375.0 
angers 2004 8 7 220 14.7 32.0 22.6 -999.9 0.0 1.5 16.6 375.0 
angers 2004 8 8 221 19.9 32.8 15.6 -999.9 2.5 2.3 21.6 375.0 
angers 2004 8 9 222 17.3 20.5 4.7 -999.9 2.0 1.1 19.9 375.0 
angers 2004 8 10 223 15.7 28.5 20.2 -999.9 0.0 1.5 18.3 375.0 
angers 2004 8 11 224 15.4 29.4 16.1 -999.9 2.0 2.7 18.7 375.0 
angers 2004 8 12 225 15.6 22.8 14.5 -999.9 6.5 3.9 17.8 375.0 
angers 2004 8 13 226 16.0 24.6 17.5 -999.9 1.0 3.3 17.1 375.0 
angers 2004 8 14 227 13.1 23.7 9.5 -999.9 2.5 1.4 19.2 375.0 
angers 2004 8 15 228 16.2 27.6 15.9 -999.9 0.0 1.1 21.3 375.0 
angers 2004 8 16 229 16.2 26.0 13.6 -999.9 0.0 2.7 19.3 375.0 
angers 2004 8 17 230 17.3 27.9 15.6 -999.9 5.0 2.4 21.1 375.0 
angers 2004 8 18 231 16.1 22.3 7.8 -999.9 2.0 3.9 18.0 375.0 
angers 2004 8 19 232 16.1 25.1 14.7 -999.9 7.0 3.5 19.2 375.0 
angers 2004 8 20 233 14.0 21.9 11.8 -999.9 6.0 3.0 17.3 375.0 
angers 2004 8 21 234 11.0 22.1 18.7 -999.9 0.0 2.2 12.0 375.0 
angers 2004 8 22 235 12.5 24.8 16.2 -999.9 0.0 1.5 14.0 375.0 
angers 2004 8 23 236 14.7 26.1 17.0 -999.9 0.5 2.8 16.8 375.0 
angers 2004 8 24 237 15.8 22.4 15.8 -999.9 1.0 3.8 15.7 375.0 
angers 2004 8 25 238 14.7 21.1 11.5 -999.9 5.0 3.2 17.0 375.0 
angers 2004 8 26 239 11.6 23.9 16.2 -999.9 0.0 2.0 16.0 375.0 
angers 2004 8 27 240 12.5 23.5 14.8 -999.9 7.5 2.8 16.5 375.0 
angers 2004 8 28 241 16.6 24.0 10.0 -999.9 0.5 2.2 20.5 375.0 
angers 2004 8 29 242 12.2 23.2 12.5 -999.9 1.0 2.3 17.4 375.0 
angers 2004 8 30 243 14.1 22.5 14.4 -999.9 0.0 2.0 15.3 375.0 
angers 2004 8 31 244 8.4 22.1 15.5 -999.9 0.0 0.6 13.3 375.0 
angers 2004 9 1 245 7.9 24.7 20.1 -999.9 0.0 0.8 13.1 375.0 
angers 2004 9 2 246 10.6 27.1 14.7 -999.9 0.0 1.0 16.5 375.0 
angers 2004 9 3 247 14.5 31.3 17.9 -999.9 0.0 0.8 20.7 375.0 
angers 2004 9 4 248 16.0 31.4 18.9 -999.9 0.0 1.6 20.2 375.0 
angers 2004 9 5 249 15.4 32.6 18.8 -999.9 0.0 2.0 17.0 375.0 
angers 2004 9 6 250 16.4 31.0 18.8 -999.9 0.0 2.4 16.4 375.0 
angers 2004 9 7 251 17.7 30.8 18.0 -999.9 0.0 2.3 16.7 375.0 
angers 2004 9 8 252 16.0 30.5 18.5 -999.9 0.0 1.9 15.7 375.0 
angers 2004 9 9 253 15.2 31.1 17.4 -999.9 1.0 1.5 15.3 375.0 
angers 2004 9 10 254 18.7 25.3 13.2 -999.9 0.0 2.7 20.1 375.0 
angers 2004 9 11 255 16.9 24.5 11.5 -999.9 1.5 3.5 19.0 375.0 
angers 2004 9 12 256 11.1 22.6 15.9 -999.9 0.0 2.0 12.3 375.0 
angers 2004 9 13 257 14.1 22.3 7.2 -999.9 8.5 3.4 17.1 375.0 
angers 2004 9 14 258 13.1 21.7 15.3 -999.9 0.0 3.1 14.7 375.0 
angers 2004 9 15 259 9.7 20.3 12.9 -999.9 0.0 1.6 12.8 375.0 
angers 2004 9 16 260 4.0 21.0 17.7 -999.9 0.0 0.7 10.1 375.0 
angers 2004 9 17 261 5.5 25.1 17.0 -999.9 0.0 1.5 10.6 375.0 
angers 2004 9 18 262 10.1 24.7 11.8 -999.9 0.0 2.4 15.5 375.0 
angers 2004 9 19 263 11.4 21.3 15.7 -999.9 0.0 1.5 13.2 375.0 
angers 2004 9 20 264 9.1 19.0 6.4 -999.9 0.0 2.8 12.5 375.0 
angers 2004 9 21 265 11.8 21.0 15.4 -999.9 0.0 2.2 13.4 375.0 
angers 2004 9 22 266 8.7 19.5 13.3 -999.9 0.0 2.7 12.4 375.0 
angers 2004 9 23 267 15.2 21.2 6.2 -999.9 1.5 3.2 18.2 375.0 
angers 2004 9 24 268 9.6 20.0 14.3 -999.9 0.0 2.0 12.6 375.0 
angers 2004 9 25 269 6.5 19.4 14.3 -999.9 0.0 1.3 10.3 375.0 
angers 2004 9 26 270 13.5 21.8 8.5 -999.9 0.0 1.6 16.1 375.0 
angers 2004 9 27 271 11.7 17.6 4.7 -999.9 0.0 1.6 14.2 375.0 
angers 2004 9 28 272 13.3 15.4 3.2 -999.9 0.0 0.9 15.4 375.0 
angers 2004 9 29 273 9.6 22.3 11.8 -999.9 0.0 0.7 15.4 375.0 
angers 2004 9 30 274 11.0 21.3 8.5 -999.9 0.0 1.3 15.4 375.0 
angers 2004 10 1 275 14.0 20.5 10.2 -999.9 0.0 1.9 15.1 375.0 
angers 2004 10 2 276 11.0 19.8 8.7 -999.9 0.0 1.8 13.3 375.0 
angers 2004 10 3 277 9.0 21.7 11.2 -999.9 0.0 1.8 12.9 375.0 
angers 2004 10 4 278 10.3 24.6 13.6 -999.9 3.5 3.1 15.1 375.0 
angers 2004 10 5 279 11.0 13.2 2.1 -999.9 11.5 1.5 13.8 375.0 
angers 2004 10 6 280 8.9 19.1 12.4 -999.9 0.0 1.1 12.6 375.0 
angers 2004 10 7 281 3.9 17.2 9.4 -999.9 1.5 1.0 10.8 375.0 
angers 2004 10 8 282 10.4 12.9 2.7 -999.9 7.5 2.6 12.6 375.0 
angers 2004 10 9 283 10.3 14.0 2.7 -999.9 3.5 2.3 13.3 375.0 
angers 2004 10 10 284 11.2 20.9 8.5 -999.9 0.5 1.8 15.3 375.0 
angers 2004 10 11 285 13.0 15.3 1.2 -999.9 24.0 4.1 15.0 375.0 
angers 2004 10 12 286 12.6 18.5 10.1 -999.9 0.0 3.3 14.8 375.0 
angers 2004 10 13 287 11.1 15.0 3.0 -999.9 19.5 3.0 14.3 375.0 
angers 2004 10 14 288 9.1 14.3 7.3 -999.9 3.5 3.1 12.2 375.0 
angers 2004 10 15 289 6.7 12.8 7.0 -999.9 2.5 2.7 10.7 375.0 
angers 2004 10 16 290 5.3 14.8 8.8 -999.9 1.0 2.4 10.8 375.0 
angers 2004 10 17 291 7.4 15.8 8.5 -999.9 0.0 2.6 11.6 375.0 
angers 2004 10 18 292 5.0 15.4 7.8 -999.9 0.5 0.9 10.7 375.0 
angers 2004 10 19 293 11.1 19.4 3.4 -999.9 6.0 1.4 16.3 375.0 
angers 2004 10 20 294 14.4 22.9 7.0 -999.9 5.5 4.5 17.8 375.0 
angers 2004 10 21 295 8.9 18.0 9.7 -999.9 0.0 3.1 11.6 375.0 
angers 2004 10 22 296 8.6 19.8 9.6 -999.9 0.0 2.9 13.9 375.0 
angers 2004 10 23 297 12.8 22.1 9.7 -999.9 0.0 3.1 15.1 375.0 
angers 2004 10 24 298 13.8 18.5 3.7 -999.9 0.5 3.1 15.6 375.0 
angers 2004 10 25 299 11.3 17.6 8.1 -999.9 0.0 2.4 13.5 375.0 
angers 2004 10 26 300 3.3 17.4 8.5 -999.9 0.0 0.7 11.3 375.0 
angers 2004 10 27 301 8.5 12.8 1.8 -999.9 5.0 2.4 11.5 375.0 
angers 2004 10 28 302 11.0 17.4 5.8 -999.9 3.5 2.9 14.4 375.0 
angers 2004 10 29 303 9.0 16.1 6.9 -999.9 4.0 3.2 12.6 375.0 
angers 2004 10 30 304 8.8 17.8 8.0 -999.9 0.5 1.6 13.1 375.0 
angers 2004 10 31 305 6.3 15.8 7.4 -999.9 0.0 2.6 11.3 375.0 
angers 2004 11 1 306 8.7 9.7 1.0 -999.9 8.0 2.0 10.9 375.0 
angers 2004 11 2 307 8.7 11.7 2.2 -999.9 0.0 1.2 12.2 375.0 
angers 2004 11 3 308 7.9 14.7 6.6 -999.9 0.0 1.5 12.7 375.0 
angers 2004 11 4 309 7.5 13.0 4.2 -999.9 0.0 0.7 12.5 375.0 
angers 2004 11 5 310 4.1 12.8 7.1 -999.9 0.0 1.1 9.8 375.0 
angers 2004 11 6 311 4.0 12.2 4.1 -999.9 0.0 0.7 9.9 375.0 
angers 2004 11 7 312 8.1 12.4 1.7 -999.9 1.0 0.8 12.5 375.0 
angers 2004 11 8 313 9.1 12.1 2.2 -999.9 2.0 1.1 12.6 375.0 
angers 2004 11 9 314 6.9 12.2 2.3 -999.9 5.5 1.6 11.7 375.0 
angers 2004 11 10 315 5.2 12.0 5.7 -999.9 0.0 2.7 9.5 375.0 
angers 2004 11 11 316 5.7 10.9 2.3 -999.9 0.0 2.4 9.6 375.0 
angers 2004 11 12 317 -0.6 10.4 7.1 -999.9 0.0 0.9 7.8 375.0 
angers 2004 11 13 318 4.9 10.3 6.9 -999.9 0.0 2.2 8.3 375.0 
angers 2004 11 14 319 -0.6 10.4 6.9 -999.9 0.5 1.5 7.6 375.0 
angers 2004 11 15 320 -0.7 8.5 1.7 -999.9 0.0 0.9 7.6 375.0 
angers 2004 11 16 321 6.9 11.5 3.0 -999.9 0.5 1.7 11.0 375.0 
angers 2004 11 17 322 8.7 12.1 2.4 -999.9 0.0 1.8 12.0 375.0 
angers 2004 11 18 323 9.4 12.7 3.0 -999.9 1.0 2.9 11.8 375.0 
angers 2004 11 19 324 5.9 10.6 6.0 -999.9 0.0 2.0 9.0 375.0 
angers 2004 11 20 325 2.6 10.3 2.9 -999.9 0.0 1.7 8.3 375.0 
angers 2004 11 21 326 9.0 15.7 6.3 -999.9 0.0 2.5 13.0 375.0 
angers 2004 11 22 327 9.1 15.4 6.0 -999.9 0.0 2.3 12.3 375.0 
angers 2004 11 23 328 10.6 12.7 2.1 -999.9 0.0 1.3 13.3 375.0 
angers 2004 11 24 329 6.8 12.6 3.0 -999.9 0.0 0.9 11.9 375.0 
angers 2004 11 25 330 -0.2 7.3 5.2 -999.9 0.0 1.0 7.9 375.0 
angers 2004 11 26 331 3.9 11.6 1.6 -999.9 0.0 1.6 10.4 375.0 
angers 2004 11 27 332 8.9 11.7 1.9 -999.9 0.0 1.2 12.5 375.0 
angers 2004 11 28 333 4.9 9.5 1.5 -999.9 6.0 1.7 10.0 375.0 
angers 2004 11 29 334 3.6 9.1 2.4 -999.9 0.0 1.7 9.1 375.0 
angers 2004 11 30 335 4.7 8.9 2.7 -999.9 0.0 0.7 8.9 375.0 
angers 2004 12 1 336 4.0 8.6 4.5 -999.9 0.0 1.8 8.7 375.0 
angers 2004 12 2 337 1.2 6.5 3.4 -999.9 0.0 2.8 7.2 375.0 
angers 2004 12 3 338 1.2 9.1 5.4 -999.9 0.0 1.5 7.6 375.0 
angers 2004 12 4 339 0.9 4.0 1.9 -999.9 0.0 1.7 7.3 375.0 
angers 2004 12 5 340 1.4 5.9 1.8 -999.9 0.0 0.9 7.8 375.0 
angers 2004 12 6 341 5.0 8.3 1.7 -999.9 0.0 1.3 8.8 375.0 
angers 2004 12 7 342 3.1 7.4 2.9 -999.9 0.0 1.8 7.5 375.0 
angers 2004 12 8 343 3.2 5.0 1.6 -999.9 0.0 2.6 7.2 375.0 
angers 2004 12 9 344 0.4 2.4 0.9 -999.9 0.0 1.9 6.4 375.0 
angers 2004 12 10 345 0.2 1.2 1.1 -999.9 0.0 1.2 6.4 375.0 
angers 2004 12 11 346 -0.4 1.4 0.9 -999.9 0.0 2.2 6.3 375.0 
angers 2004 12 12 347 -1.7 0.4 1.9 -999.9 0.0 2.1 5.8 375.0 
angers 2004 12 13 348 -1.4 1.1 2.2 -999.9 0.0 1.3 6.0 375.0 
angers 2004 12 14 349 -1.8 1.9 2.1 -999.9 0.0 1.1 6.1 375.0 
angers 2004 12 15 350 0.7 9.0 3.1 -999.9 0.5 0.8 8.6 375.0 
angers 2004 12 16 351 2.7 10.8 1.2 -999.9 4.5 2.8 9.8 375.0 
angers 2004 12 17 352 6.4 13.3 1.6 -999.9 8.0 4.5 10.9 375.0 
angers 2004 12 18 353 2.8 12.2 1.6 -999.9 5.5 3.2 9.8 375.0 
angers 2004 12 19 354 5.0 12.7 2.3 -999.9 1.0 4.2 10.4 375.0 
angers 2004 12 20 355 -2.3 3.6 5.3 -999.9 0.5 1.6 5.6 375.0 
angers 2004 12 21 356 -1.3 4.4 2.5 -999.9 0.5 0.9 6.6 375.0 
angers 2004 12 22 357 1.0 10.7 1.0 -999.9 7.5 3.0 9.2 375.0 
angers 2004 12 23 358 8.7 11.1 1.2 -999.9 0.5 3.1 11.9 375.0 
angers 2004 12 24 359 9.7 12.2 1.7 -999.9 4.5 4.5 12.7 375.0 
angers 2004 12 25 360 2.8 8.9 4.0 -999.9 0.0 2.6 8.5 375.0 
angers 2004 12 26 361 -1.0 6.0 5.1 -999.9 0.0 2.3 6.7 375.0 
angers 2004 12 27 362 -1.0 7.6 5.0 -999.9 1.0 1.6 7.2 375.0 
angers 2004 12 28 363 1.5 8.5 5.0 -999.9 3.0 4.1 7.3 375.0 
angers 2004 12 29 364 1.3 10.0 5.0 -999.9 0.5 1.8 8.3 375.0 
angers 2004 12 30 365 6.8 10.2 1.8 -999.9 1.5 1.7 11.1 375.0 
angers 2004 12 31 366 9.0 13.1 2.9 -999.9 0.5 2.6 12.6 375.0 
