angers 2001 1 1 1 2.6 10.7 1.4 -999.9 3.0 4.8 8.0 375.0 
angers 2001 1 2 2 8.2 12.2 2.8 -999.9 4.0 5.4 9.8 375.0 
angers 2001 1 3 3 5.1 11.8 2.4 -999.9 8.0 4.2 9.0 375.0 
angers 2001 1 4 4 7.0 12.5 4.0 -999.9 19.5 4.9 9.8 375.0 
angers 2001 1 5 5 9.3 14.3 1.6 -999.9 5.5 6.3 12.0 375.0 
angers 2001 1 6 6 6.4 10.8 4.3 -999.9 0.0 1.3 9.7 375.0 
angers 2001 1 7 7 4.2 9.2 2.4 -999.9 0.0 1.5 9.4 375.0 
angers 2001 1 8 8 3.2 9.0 4.7 -999.9 0.0 1.8 8.6 375.0 
angers 2001 1 9 9 -0.3 8.8 3.2 -999.9 2.5 3.0 7.6 375.0 
angers 2001 1 10 10 4.2 13.0 4.7 -999.9 0.5 3.3 9.5 375.0 
angers 2001 1 11 11 9.0 11.3 0.9 -999.9 11.0 1.7 10.9 375.0 
angers 2001 1 12 12 7.1 8.9 0.9 -999.9 2.0 2.7 9.6 375.0 
angers 2001 1 13 13 2.0 5.8 6.9 -999.9 0.0 3.1 6.1 375.0 
angers 2001 1 14 14 -1.3 3.3 6.3 -999.9 0.0 2.9 3.7 375.0 
angers 2001 1 15 15 -0.3 1.6 1.1 -999.9 0.0 1.4 5.2 375.0 
angers 2001 1 16 16 0.6 7.2 3.7 -999.9 0.0 1.5 7.4 375.0 
angers 2001 1 17 17 1.8 7.0 2.5 -999.9 0.0 0.9 7.9 375.0 
angers 2001 1 18 18 2.0 6.9 2.2 -999.9 0.0 1.4 8.0 375.0 
angers 2001 1 19 19 3.0 5.9 2.1 -999.9 0.0 1.1 7.9 375.0 
angers 2001 1 20 20 1.2 5.8 3.9 -999.9 1.5 1.0 7.0 375.0 
angers 2001 1 21 21 1.7 10.9 1.5 -999.9 5.0 4.0 8.5 375.0 
angers 2001 1 22 22 6.5 11.1 1.7 -999.9 3.5 4.4 9.4 375.0 
angers 2001 1 23 23 7.2 13.8 1.0 -999.9 24.5 5.9 10.8 375.0 
angers 2001 1 24 24 9.1 13.1 6.6 -999.9 4.5 4.6 10.2 375.0 
angers 2001 1 25 25 4.5 10.3 4.4 -999.9 9.5 3.0 8.6 375.0 
angers 2001 1 26 26 4.2 8.2 2.2 -999.9 8.0 4.1 8.3 375.0 
angers 2001 1 27 27 3.9 10.5 6.0 -999.9 0.0 3.3 8.1 375.0 
angers 2001 1 28 28 5.9 9.0 4.8 -999.9 0.0 2.8 8.9 375.0 
angers 2001 1 29 29 1.1 8.2 6.9 -999.9 0.0 1.5 6.9 375.0 
angers 2001 1 30 30 -2.6 7.7 3.2 -999.9 4.0 1.4 6.7 375.0 
angers 2001 1 31 31 5.3 10.5 2.7 -999.9 0.5 1.8 9.7 375.0 
angers 2001 2 1 32 1.3 7.7 8.0 -999.9 0.0 1.4 6.6 375.0 
angers 2001 2 2 33 2.9 10.4 3.0 -999.9 0.5 2.5 8.6 375.0 
angers 2001 2 3 34 6.5 12.4 2.8 -999.9 1.0 3.7 11.2 375.0 
angers 2001 2 4 35 10.5 14.0 4.5 -999.9 9.5 5.5 13.8 375.0 
angers 2001 2 5 36 9.4 13.2 1.8 -999.9 8.0 5.0 13.4 375.0 
angers 2001 2 6 37 10.2 13.2 2.9 -999.9 3.5 5.0 13.7 375.0 
angers 2001 2 7 38 8.1 12.3 2.1 -999.9 5.5 3.0 12.4 375.0 
angers 2001 2 8 39 8.5 13.0 5.6 -999.9 4.5 3.6 12.1 375.0 
angers 2001 2 9 40 3.9 8.8 7.2 -999.9 0.5 3.4 8.8 375.0 
angers 2001 2 10 41 0.7 11.6 4.1 -999.9 0.0 2.6 8.9 375.0 
angers 2001 2 11 42 9.0 16.8 8.3 -999.9 0.0 2.8 14.9 375.0 
angers 2001 2 12 43 8.3 15.2 4.8 -999.9 0.5 4.3 13.8 375.0 
angers 2001 2 13 44 6.2 12.3 11.1 -999.9 0.0 3.9 11.7 375.0 
angers 2001 2 14 45 2.7 10.3 1.8 -999.9 0.0 2.4 9.7 375.0 
angers 2001 2 15 46 -0.5 12.7 10.9 -999.9 0.0 0.6 9.4 375.0 
angers 2001 2 16 47 0.7 10.4 8.9 -999.9 0.0 1.9 9.1 375.0 
angers 2001 2 17 48 3.9 9.0 7.2 -999.9 0.0 2.2 9.6 375.0 
angers 2001 2 18 49 4.3 6.4 4.3 -999.9 0.0 2.2 8.9 375.0 
angers 2001 2 19 50 -1.4 7.0 9.3 -999.9 0.0 1.5 7.5 375.0 
angers 2001 2 20 51 -1.8 9.3 6.2 -999.9 0.5 0.9 8.0 375.0 
angers 2001 2 21 52 -1.9 11.1 9.5 -999.9 0.0 0.9 8.5 375.0 
angers 2001 2 22 53 6.6 12.6 5.1 -999.9 0.0 1.9 10.4 375.0 
angers 2001 2 23 54 6.2 11.0 6.1 -999.9 0.5 2.7 8.6 375.0 
angers 2001 2 24 55 0.6 7.0 10.7 -999.9 0.0 2.7 5.6 375.0 
angers 2001 2 25 56 -3.6 4.1 7.1 -999.9 0.5 1.2 4.9 375.0 
angers 2001 2 26 57 -2.1 6.9 5.5 -999.9 9.5 4.2 5.1 375.0 
angers 2001 2 27 58 0.3 7.8 9.2 -999.9 5.5 2.7 6.6 375.0 
angers 2001 2 28 59 0.2 7.0 7.6 -999.9 0.0 2.8 6.6 375.0 
angers 2001 3 1 60 -1.0 6.7 9.9 -999.9 0.0 1.6 6.1 375.0 
angers 2001 3 2 61 -1.5 6.2 6.2 -999.9 3.0 2.7 5.9 375.0 
angers 2001 3 3 62 1.9 8.1 3.5 -999.9 4.5 2.2 7.1 375.0 
angers 2001 3 4 63 3.7 12.0 11.2 -999.9 1.0 2.8 8.2 375.0 
angers 2001 3 5 64 -0.8 10.6 14.0 -999.9 0.0 1.5 7.4 375.0 
angers 2001 3 6 65 5.5 17.5 9.4 -999.9 0.5 2.1 9.8 375.0 
angers 2001 3 7 66 11.0 17.0 9.5 -999.9 12.0 2.3 12.6 375.0 
angers 2001 3 8 67 9.0 13.9 9.9 -999.9 1.5 2.9 11.3 375.0 
angers 2001 3 9 68 9.4 13.7 7.0 -999.9 4.5 3.6 11.6 375.0 
angers 2001 3 10 69 9.9 14.1 4.3 -999.9 1.0 3.7 12.3 375.0 
angers 2001 3 11 70 12.0 16.7 5.7 -999.9 4.0 4.5 14.1 375.0 
angers 2001 3 12 71 7.6 13.1 12.6 -999.9 1.5 3.2 9.7 375.0 
angers 2001 3 13 72 5.7 13.1 6.4 -999.9 6.5 4.8 9.8 375.0 
angers 2001 3 14 73 7.8 11.8 4.9 -999.9 5.0 3.4 10.5 375.0 
angers 2001 3 15 74 10.7 15.9 9.5 -999.9 0.5 3.0 12.7 375.0 
angers 2001 3 16 75 7.8 16.0 8.5 -999.9 0.0 2.2 11.0 375.0 
angers 2001 3 17 76 4.1 13.9 8.8 -999.9 2.5 2.3 9.4 375.0 
angers 2001 3 18 77 8.7 14.2 7.7 -999.9 6.0 3.7 11.1 375.0 
angers 2001 3 19 78 4.7 8.5 5.0 -999.9 11.5 2.1 8.1 375.0 
angers 2001 3 20 79 6.2 14.6 3.7 -999.9 17.5 3.3 11.3 375.0 
angers 2001 3 21 80 12.1 15.4 8.3 -999.9 9.0 4.8 12.7 375.0 
angers 2001 3 22 81 11.1 16.2 11.4 -999.9 1.5 4.9 11.9 375.0 
angers 2001 3 23 82 11.8 16.7 13.5 -999.9 0.5 3.9 12.5 375.0 
angers 2001 3 24 83 10.3 17.9 7.9 -999.9 5.5 3.4 13.5 375.0 
angers 2001 3 25 84 7.7 10.4 4.6 -999.9 0.0 2.6 9.8 375.0 
angers 2001 3 26 85 6.0 11.7 9.7 -999.9 0.5 1.6 8.3 375.0 
angers 2001 3 27 86 7.0 15.3 12.3 -999.9 6.0 3.4 10.5 375.0 
angers 2001 3 28 87 7.3 12.6 7.3 -999.9 21.0 4.6 9.9 375.0 
angers 2001 3 29 88 5.9 13.5 11.6 -999.9 4.0 3.3 9.3 375.0 
angers 2001 3 30 89 3.4 15.0 16.2 -999.9 0.0 1.8 8.1 375.0 
angers 2001 3 31 90 9.2 15.8 9.1 -999.9 0.0 2.3 11.4 375.0 
angers 2001 4 1 91 4.8 20.1 19.5 -999.9 0.0 1.2 10.2 375.0 
angers 2001 4 2 92 10.1 21.0 15.6 -999.9 1.0 3.3 11.8 375.0 
angers 2001 4 3 93 9.6 16.5 14.6 -999.9 3.5 3.3 10.5 375.0 
angers 2001 4 4 94 6.3 13.8 17.8 -999.9 2.5 3.8 8.9 375.0 
angers 2001 4 5 95 4.4 12.3 6.4 -999.9 2.0 3.4 9.1 375.0 
angers 2001 4 6 96 10.8 14.2 5.2 -999.9 5.5 4.1 12.3 375.0 
angers 2001 4 7 97 5.4 13.5 12.1 -999.9 6.0 4.3 9.0 375.0 
angers 2001 4 8 98 8.1 13.6 15.5 -999.9 0.0 3.5 8.6 375.0 
angers 2001 4 9 99 9.6 14.8 6.9 -999.9 0.0 3.6 11.6 375.0 
angers 2001 4 10 100 8.7 13.6 12.2 -999.9 1.5 4.0 10.2 375.0 
angers 2001 4 11 101 6.6 14.0 17.3 -999.9 0.0 3.2 8.6 375.0 
angers 2001 4 12 102 3.5 13.4 17.9 -999.9 0.0 1.3 7.3 375.0 
angers 2001 4 13 103 6.1 13.2 11.8 -999.9 0.0 1.3 8.6 375.0 
angers 2001 4 14 104 1.0 11.2 22.5 -999.9 0.0 1.6 5.7 375.0 
angers 2001 4 15 105 6.2 14.2 7.5 -999.9 5.0 2.9 10.3 375.0 
angers 2001 4 16 106 4.6 13.8 13.4 -999.9 0.0 1.7 8.3 375.0 
angers 2001 4 17 107 1.8 12.7 20.0 -999.9 0.0 1.1 6.7 375.0 
angers 2001 4 18 108 5.7 13.3 10.9 -999.9 1.0 2.5 8.5 375.0 
angers 2001 4 19 109 -0.3 9.7 15.4 -999.9 0.0 1.6 5.9 375.0 
angers 2001 4 20 110 0.6 10.6 18.7 -999.9 0.0 2.5 6.1 375.0 
angers 2001 4 21 111 1.4 11.4 17.9 -999.9 0.0 2.5 6.4 375.0 
angers 2001 4 22 112 2.4 11.9 10.2 -999.9 26.0 2.8 7.7 375.0 
angers 2001 4 23 113 4.6 13.4 12.4 -999.9 1.5 2.1 8.9 375.0 
angers 2001 4 24 114 7.7 16.9 13.2 -999.9 1.0 3.6 11.3 375.0 
angers 2001 4 25 115 7.8 15.1 18.3 -999.9 7.0 4.3 9.9 375.0 
angers 2001 4 26 116 7.4 16.1 19.5 -999.9 2.0 3.0 9.9 375.0 
angers 2001 4 27 117 9.9 15.3 11.7 -999.9 0.5 3.3 10.9 375.0 
angers 2001 4 28 118 10.1 12.3 6.3 -999.9 5.0 3.3 11.7 375.0 
angers 2001 4 29 119 7.1 16.0 17.0 -999.9 1.0 3.0 9.8 375.0 
angers 2001 4 30 120 7.7 11.9 5.6 -999.9 19.0 2.0 10.7 375.0 
angers 2001 5 1 121 8.1 15.5 13.4 -999.9 1.0 2.7 10.9 375.0 
angers 2001 5 2 122 6.3 19.5 15.7 -999.9 22.0 1.5 11.1 375.0 
angers 2001 5 3 123 9.8 11.5 3.2 -999.9 1.5 1.4 11.9 375.0 
angers 2001 5 4 124 8.8 11.6 4.3 -999.9 1.0 2.4 10.9 375.0 
angers 2001 5 5 125 5.1 14.9 23.0 -999.9 0.0 3.9 7.5 375.0 
angers 2001 5 6 126 5.1 13.7 26.3 -999.9 0.0 2.4 7.2 375.0 
angers 2001 5 7 127 6.4 16.6 14.2 -999.9 0.0 1.9 9.8 375.0 
angers 2001 5 8 128 10.4 17.8 14.1 -999.9 0.0 1.9 10.6 375.0 
angers 2001 5 9 129 12.4 21.1 18.0 -999.9 0.5 1.4 14.1 375.0 
angers 2001 5 10 130 9.7 18.8 10.4 -999.9 0.0 0.8 13.8 375.0 
angers 2001 5 11 131 8.7 24.9 24.2 -999.9 0.0 0.7 14.3 375.0 
angers 2001 5 12 132 11.0 27.2 28.8 -999.9 0.0 1.2 12.4 375.0 
angers 2001 5 13 133 14.4 18.1 20.9 -999.9 0.0 2.0 12.4 375.0 
angers 2001 5 14 134 7.1 21.2 23.5 -999.9 0.0 0.9 11.8 375.0 
angers 2001 5 15 135 11.2 19.3 17.3 -999.9 0.0 2.9 12.5 375.0 
angers 2001 5 16 136 12.3 18.8 17.1 -999.9 0.0 4.2 12.0 375.0 
angers 2001 5 17 137 11.1 17.1 20.8 -999.9 0.0 2.7 10.0 375.0 
angers 2001 5 18 138 5.2 18.2 21.1 -999.9 0.0 1.9 8.8 375.0 
angers 2001 5 19 139 4.7 19.9 31.2 -999.9 0.0 1.4 9.1 375.0 
angers 2001 5 20 140 8.7 21.8 28.2 -999.9 0.0 2.5 10.2 375.0 
angers 2001 5 21 141 9.9 24.7 29.8 -999.9 0.0 2.5 11.0 375.0 
angers 2001 5 22 142 12.2 26.0 30.1 -999.9 0.0 2.2 11.7 375.0 
angers 2001 5 23 143 13.2 24.5 29.0 -999.9 0.0 1.4 11.3 375.0 
angers 2001 5 24 144 10.0 26.2 27.0 -999.9 0.0 1.0 12.7 375.0 
angers 2001 5 25 145 12.5 22.4 23.0 -999.9 0.0 1.9 14.9 375.0 
angers 2001 5 26 146 10.5 22.2 19.5 -999.9 0.0 1.1 13.6 375.0 
angers 2001 5 27 147 10.6 25.8 26.0 -999.9 0.0 0.8 14.6 375.0 
angers 2001 5 28 148 11.7 30.3 30.0 -999.9 0.0 0.8 14.9 375.0 
angers 2001 5 29 149 13.5 29.9 30.6 -999.9 0.0 1.2 15.6 375.0 
angers 2001 5 30 150 14.9 28.8 28.2 -999.9 0.0 1.9 14.9 375.0 
angers 2001 5 31 151 12.2 22.3 29.4 -999.9 0.0 2.9 11.8 375.0 
angers 2001 6 1 152 8.3 21.6 28.8 -999.9 0.0 1.9 10.2 375.0 
angers 2001 6 2 153 10.2 22.5 23.0 -999.9 0.0 2.4 11.9 375.0 
angers 2001 6 3 154 9.2 20.0 29.6 -999.9 0.0 1.7 8.5 375.0 
angers 2001 6 4 155 5.0 23.4 31.7 -999.9 0.0 0.8 7.6 375.0 
angers 2001 6 5 156 7.0 24.1 22.3 -999.9 0.0 1.7 10.9 375.0 
angers 2001 6 6 157 12.7 21.7 18.5 -999.9 0.0 2.4 13.1 375.0 
angers 2001 6 7 158 11.6 19.9 15.2 -999.9 6.0 2.1 13.2 375.0 
angers 2001 6 8 159 10.6 15.7 9.1 -999.9 1.0 1.2 12.2 375.0 
angers 2001 6 9 160 9.7 18.7 16.1 -999.9 0.0 1.6 10.2 375.0 
angers 2001 6 10 161 7.9 20.6 28.5 -999.9 0.0 2.4 8.1 375.0 
angers 2001 6 11 162 5.5 22.4 31.3 -999.9 0.0 0.8 8.4 375.0 
angers 2001 6 12 163 7.5 25.2 23.9 -999.9 0.0 0.9 10.2 375.0 
angers 2001 6 13 164 11.3 23.6 26.5 -999.9 0.0 1.5 10.6 375.0 
angers 2001 6 14 165 8.1 24.0 20.7 -999.9 0.0 2.0 11.8 375.0 
angers 2001 6 15 166 12.5 20.8 12.0 -999.9 0.0 3.1 13.6 375.0 
angers 2001 6 16 167 13.8 21.1 20.9 -999.9 2.5 4.3 15.1 375.0 
angers 2001 6 17 168 13.3 21.8 19.9 -999.9 0.0 2.9 14.2 375.0 
angers 2001 6 18 169 8.7 22.1 21.9 -999.9 0.0 1.1 12.1 375.0 
angers 2001 6 19 170 9.6 23.8 30.1 -999.9 0.0 1.3 10.4 375.0 
angers 2001 6 20 171 9.3 28.5 31.8 -999.9 0.0 0.9 10.7 375.0 
angers 2001 6 21 172 12.7 28.3 31.6 -999.9 0.0 1.5 13.5 375.0 
angers 2001 6 22 173 11.1 28.0 32.2 -999.9 0.0 1.0 10.9 375.0 
angers 2001 6 23 174 12.2 31.4 28.2 -999.9 0.0 1.4 12.5 375.0 
angers 2001 6 24 175 12.8 31.2 30.2 -999.9 0.0 1.3 14.5 375.0 
angers 2001 6 25 176 15.5 34.3 30.7 -999.9 0.0 1.7 12.9 375.0 
angers 2001 6 26 177 17.9 27.0 25.2 -999.9 0.0 2.4 16.0 375.0 
angers 2001 6 27 178 16.6 26.2 19.6 -999.9 0.0 2.4 14.8 375.0 
angers 2001 6 28 179 11.3 25.7 22.1 -999.9 0.0 1.7 13.4 375.0 
angers 2001 6 29 180 11.7 29.4 30.8 -999.9 0.0 1.4 12.1 375.0 
angers 2001 6 30 181 13.4 27.5 25.4 -999.9 0.0 2.0 13.2 375.0 
angers 2001 7 1 182 11.5 27.1 30.3 -999.9 0.0 1.4 12.8 375.0 
angers 2001 7 2 183 14.6 30.8 31.0 -999.9 0.0 1.7 13.5 375.0 
angers 2001 7 3 184 15.9 33.2 29.9 -999.9 0.0 1.7 16.3 375.0 
angers 2001 7 4 185 16.3 19.8 5.2 -999.9 4.5 1.5 17.6 375.0 
angers 2001 7 5 186 15.0 25.0 18.2 -999.9 0.0 0.9 17.5 375.0 
angers 2001 7 6 187 13.7 26.4 20.8 -999.9 20.0 1.5 17.1 375.0 
angers 2001 7 7 188 13.4 21.0 10.4 -999.9 1.5 2.6 16.3 375.0 
angers 2001 7 8 189 14.6 23.3 20.5 -999.9 0.0 2.5 14.4 375.0 
angers 2001 7 9 190 10.5 25.5 27.5 -999.9 0.0 1.3 12.8 375.0 
angers 2001 7 10 191 14.1 23.9 15.4 -999.9 0.5 3.4 15.8 375.0 
angers 2001 7 11 192 13.2 23.6 26.9 -999.9 3.0 3.0 12.1 375.0 
angers 2001 7 12 193 12.6 22.0 13.2 -999.9 10.0 2.6 15.4 375.0 
angers 2001 7 13 194 12.9 21.5 8.2 -999.9 42.0 1.8 16.9 375.0 
angers 2001 7 14 195 12.9 20.7 13.5 -999.9 4.5 2.1 14.7 375.0 
angers 2001 7 15 196 10.5 22.6 25.1 -999.9 0.0 1.6 12.2 375.0 
angers 2001 7 16 197 8.8 22.6 24.2 -999.9 1.0 1.1 11.0 375.0 
angers 2001 7 17 198 12.5 21.4 16.2 -999.9 22.5 3.7 15.2 375.0 
angers 2001 7 18 199 13.4 17.5 8.9 -999.9 19.5 4.4 15.1 375.0 
angers 2001 7 19 200 12.5 21.8 18.3 -999.9 0.0 2.3 14.1 375.0 
angers 2001 7 20 201 9.5 21.6 25.9 -999.9 0.0 1.9 11.3 375.0 
angers 2001 7 21 202 14.5 25.6 21.8 -999.9 0.0 2.2 15.5 375.0 
angers 2001 7 22 203 11.3 26.2 26.1 -999.9 0.0 1.1 14.5 375.0 
angers 2001 7 23 204 13.9 26.0 24.4 -999.9 0.0 1.7 16.3 375.0 
angers 2001 7 24 205 13.2 26.9 28.5 -999.9 0.0 1.4 15.7 375.0 
angers 2001 7 25 206 13.6 28.5 24.7 -999.9 0.0 1.0 16.2 375.0 
angers 2001 7 26 207 17.7 30.3 25.1 -999.9 0.0 1.0 20.3 375.0 
angers 2001 7 27 208 18.1 29.2 15.0 -999.9 0.0 0.9 22.8 375.0 
angers 2001 7 28 209 16.7 28.1 15.4 -999.9 4.0 1.0 21.9 375.0 
angers 2001 7 29 210 17.4 30.4 26.0 -999.9 0.0 0.9 20.2 375.0 
angers 2001 7 30 211 15.4 31.1 27.6 -999.9 0.0 0.7 18.0 375.0 
angers 2001 7 31 212 17.3 30.6 26.7 -999.9 0.0 1.3 20.8 375.0 
angers 2001 8 1 213 16.8 30.7 23.8 -999.9 1.5 1.7 19.7 375.0 
angers 2001 8 2 214 19.6 26.9 14.3 -999.9 3.0 3.1 21.7 375.0 
angers 2001 8 3 215 16.7 24.5 20.7 -999.9 1.5 2.4 17.9 375.0 
angers 2001 8 4 216 12.0 22.2 18.9 -999.9 0.0 2.3 13.6 375.0 
angers 2001 8 5 217 14.9 21.3 12.6 -999.9 3.5 2.9 17.0 375.0 
angers 2001 8 6 218 16.0 23.1 9.1 -999.9 3.0 2.8 19.5 375.0 
angers 2001 8 7 219 16.8 21.2 6.0 -999.9 17.0 3.0 19.3 375.0 
angers 2001 8 8 220 14.2 22.2 19.6 -999.9 0.0 3.3 15.5 375.0 
angers 2001 8 9 221 13.5 22.3 15.5 -999.9 2.0 2.0 15.2 375.0 
angers 2001 8 10 222 9.0 21.9 20.9 -999.9 0.0 1.2 11.9 375.0 
angers 2001 8 11 223 8.4 24.0 26.9 -999.9 0.0 0.7 11.6 375.0 
angers 2001 8 12 224 9.8 26.7 26.5 -999.9 0.0 1.0 12.6 375.0 
angers 2001 8 13 225 11.8 28.4 26.4 -999.9 0.0 0.8 14.8 375.0 
angers 2001 8 14 226 13.1 31.9 24.5 -999.9 0.0 1.0 16.6 375.0 
angers 2001 8 15 227 18.3 24.6 12.7 -999.9 4.0 2.1 20.2 375.0 
angers 2001 8 16 228 14.9 24.7 22.7 -999.9 0.0 2.1 14.8 375.0 
angers 2001 8 17 229 9.7 25.0 23.9 -999.9 1.5 0.8 12.7 375.0 
angers 2001 8 18 230 16.3 22.4 6.1 -999.9 10.5 2.2 18.6 375.0 
angers 2001 8 19 231 15.6 23.0 13.9 -999.9 2.0 2.8 17.0 375.0 
angers 2001 8 20 232 14.4 23.9 19.4 -999.9 0.0 1.5 16.2 375.0 
angers 2001 8 21 233 10.6 27.0 25.0 -999.9 0.0 0.9 15.0 375.0 
angers 2001 8 22 234 13.5 29.2 23.4 -999.9 0.0 0.8 17.3 375.0 
angers 2001 8 23 235 14.2 31.2 22.4 -999.9 0.0 0.7 18.5 375.0 
angers 2001 8 24 236 16.3 33.1 22.6 -999.9 0.0 0.7 20.5 375.0 
angers 2001 8 25 237 18.2 35.0 22.6 -999.9 0.0 1.1 21.9 375.0 
angers 2001 8 26 238 19.5 30.4 13.9 -999.9 0.0 1.1 24.6 375.0 
angers 2001 8 27 239 18.7 27.4 18.0 -999.9 0.0 1.7 21.4 375.0 
angers 2001 8 28 240 14.2 26.3 22.3 -999.9 0.0 1.8 14.0 375.0 
angers 2001 8 29 241 14.6 24.9 16.0 -999.9 0.0 1.4 14.5 375.0 
angers 2001 8 30 242 15.3 20.4 8.8 -999.9 8.0 2.2 15.5 375.0 
angers 2001 8 31 243 11.5 21.0 14.9 -999.9 0.5 2.5 13.5 375.0 
angers 2001 9 1 244 10.0 22.5 15.2 -999.9 0.0 1.1 13.5 375.0 
angers 2001 9 2 245 8.2 24.7 20.6 -999.9 0.0 0.9 12.2 375.0 
angers 2001 9 3 246 12.5 17.3 6.1 -999.9 9.0 0.9 14.2 375.0 
angers 2001 9 4 247 10.6 20.8 13.9 -999.9 1.0 2.0 13.7 375.0 
angers 2001 9 5 248 8.4 21.4 19.9 -999.9 0.0 1.3 12.0 375.0 
angers 2001 9 6 249 8.9 19.9 10.7 -999.9 0.0 1.7 13.6 375.0 
angers 2001 9 7 250 8.1 21.9 17.7 -999.9 0.0 1.4 12.4 375.0 
angers 2001 9 8 251 12.8 23.5 13.4 -999.9 0.5 2.7 15.8 375.0 
angers 2001 9 9 252 10.2 19.3 16.7 -999.9 0.0 2.1 10.7 375.0 
angers 2001 9 10 253 4.9 19.1 14.1 -999.9 0.0 1.0 9.7 375.0 
angers 2001 9 11 254 6.0 21.1 15.5 -999.9 0.0 0.9 11.2 375.0 
angers 2001 9 12 255 6.9 23.5 18.3 -999.9 0.0 1.5 12.6 375.0 
angers 2001 9 13 256 12.7 19.9 8.9 -999.9 4.5 3.3 14.6 375.0 
angers 2001 9 14 257 11.1 19.8 13.5 -999.9 0.0 2.1 11.9 375.0 
angers 2001 9 15 258 6.4 19.5 8.9 -999.9 0.0 1.8 10.9 375.0 
angers 2001 9 16 259 9.3 19.3 15.3 -999.9 0.0 2.5 10.7 375.0 
angers 2001 9 17 260 7.3 17.8 14.6 -999.9 0.0 1.7 10.0 375.0 
angers 2001 9 18 261 7.7 18.4 9.6 -999.9 1.0 3.4 11.6 375.0 
angers 2001 9 19 262 12.0 16.8 3.6 -999.9 0.0 2.4 12.8 375.0 
angers 2001 9 20 263 11.1 20.3 13.1 -999.9 0.0 1.3 13.0 375.0 
angers 2001 9 21 264 6.4 20.4 17.6 -999.9 0.0 1.1 11.8 375.0 
angers 2001 9 22 265 7.7 20.7 17.6 -999.9 0.5 2.0 11.5 375.0 
angers 2001 9 23 266 8.4 18.9 15.4 -999.9 0.0 2.5 10.9 375.0 
angers 2001 9 24 267 6.9 19.7 12.5 -999.9 3.5 0.7 11.7 375.0 
angers 2001 9 25 268 8.2 20.0 12.2 -999.9 2.0 1.1 12.5 375.0 
angers 2001 9 26 269 11.1 20.9 9.7 -999.9 0.5 2.8 14.4 375.0 
angers 2001 9 27 270 10.3 24.4 15.2 -999.9 0.0 1.2 13.9 375.0 
angers 2001 9 28 271 12.6 24.9 11.5 -999.9 15.5 1.9 14.3 375.0 
angers 2001 9 29 272 15.7 22.0 10.3 -999.9 0.5 1.7 17.2 375.0 
angers 2001 9 30 273 10.6 22.7 8.2 -999.9 9.5 2.4 15.7 375.0 
angers 2001 10 1 274 15.7 21.1 6.9 -999.9 4.0 3.6 18.0 375.0 
angers 2001 10 2 275 16.4 24.8 11.7 -999.9 8.5 3.3 18.7 375.0 
angers 2001 10 3 276 12.4 18.8 8.6 -999.9 0.5 1.4 14.5 375.0 
angers 2001 10 4 277 9.4 19.2 9.4 -999.9 0.0 1.7 13.5 375.0 
angers 2001 10 5 278 11.5 21.7 8.7 -999.9 4.5 2.5 15.1 375.0 
angers 2001 10 6 279 15.0 20.0 4.9 -999.9 7.5 2.5 17.4 375.0 
angers 2001 10 7 280 12.5 19.5 6.3 -999.9 13.0 4.6 14.4 375.0 
angers 2001 10 8 281 11.8 18.9 12.1 -999.9 1.0 4.0 13.1 375.0 
angers 2001 10 9 282 11.0 19.3 10.3 -999.9 0.5 1.8 13.8 375.0 
angers 2001 10 10 283 7.1 21.4 10.7 -999.9 0.0 0.3 14.1 375.0 
angers 2001 10 11 284 5.0 22.0 13.9 -999.9 0.5 0.6 12.1 375.0 
angers 2001 10 12 285 10.8 25.2 11.2 -999.9 0.0 0.8 16.1 375.0 
angers 2001 10 13 286 12.2 25.0 9.5 -999.9 0.5 0.8 17.3 375.0 
angers 2001 10 14 287 15.2 18.6 3.6 -999.9 7.5 2.2 16.7 375.0 
angers 2001 10 15 288 14.6 20.7 9.5 -999.9 1.0 2.8 16.3 375.0 
angers 2001 10 16 289 8.7 18.6 11.6 -999.9 0.0 1.1 13.1 375.0 
angers 2001 10 17 290 11.9 21.4 6.9 -999.9 8.0 1.9 14.2 375.0 
angers 2001 10 18 291 13.7 20.1 9.1 -999.9 0.0 1.4 15.2 375.0 
angers 2001 10 19 292 12.3 21.8 6.8 -999.9 19.5 2.1 15.7 375.0 
angers 2001 10 20 293 12.8 19.6 8.4 -999.9 0.0 1.5 15.8 375.0 
angers 2001 10 21 294 12.2 18.2 6.2 -999.9 1.5 2.4 14.5 375.0 
angers 2001 10 22 295 12.3 19.6 6.5 -999.9 1.0 2.0 14.1 375.0 
angers 2001 10 23 296 13.6 19.1 9.6 -999.9 3.0 2.7 15.0 375.0 
angers 2001 10 24 297 11.8 18.3 6.8 -999.9 0.0 3.1 13.7 375.0 
angers 2001 10 25 298 11.0 18.1 6.5 -999.9 0.5 1.7 14.2 375.0 
angers 2001 10 26 299 8.7 18.7 9.2 -999.9 4.0 2.3 13.5 375.0 
angers 2001 10 27 300 12.6 18.6 5.3 -999.9 0.5 0.9 15.6 375.0 
angers 2001 10 28 301 7.6 21.5 9.1 -999.9 0.0 0.3 14.6 375.0 
angers 2001 10 29 302 10.3 13.6 2.0 -999.9 0.5 0.5 13.4 375.0 
angers 2001 10 30 303 11.1 24.1 8.7 -999.9 0.0 2.0 17.3 375.0 
angers 2001 10 31 304 10.5 15.5 7.2 -999.9 0.0 2.2 11.4 375.0 
angers 2001 11 1 305 2.7 14.4 9.5 -999.9 0.0 0.7 8.8 375.0 
angers 2001 11 2 306 3.8 13.9 9.6 -999.9 0.0 1.4 8.7 375.0 
angers 2001 11 3 307 4.4 14.6 9.2 -999.9 0.0 1.1 9.4 375.0 
angers 2001 11 4 308 1.5 11.7 3.8 -999.9 0.5 0.6 9.0 375.0 
angers 2001 11 5 309 5.7 13.4 7.6 -999.9 0.0 0.8 9.9 375.0 
angers 2001 11 6 310 4.5 13.5 4.2 -999.9 1.0 2.2 10.1 375.0 
angers 2001 11 7 311 11.7 15.0 4.1 -999.9 0.0 2.9 12.6 375.0 
angers 2001 11 8 312 5.7 12.4 4.3 -999.9 3.5 4.6 8.9 375.0 
angers 2001 11 9 313 0.8 8.6 5.8 -999.9 1.5 2.7 6.9 375.0 
angers 2001 11 10 314 0.9 8.7 8.9 -999.9 0.0 1.6 6.1 375.0 
angers 2001 11 11 315 -2.7 10.2 7.9 -999.9 0.0 1.2 6.5 375.0 
angers 2001 11 12 316 6.9 12.1 2.2 -999.9 0.0 1.1 10.8 375.0 
angers 2001 11 13 317 7.6 11.7 2.7 -999.9 0.0 2.8 9.9 375.0 
angers 2001 11 14 318 3.4 9.4 6.3 -999.9 0.0 2.7 7.1 375.0 
angers 2001 11 15 319 0.2 8.0 8.1 -999.9 0.5 2.4 6.0 375.0 
angers 2001 11 16 320 -2.2 9.0 8.3 -999.9 0.0 1.9 5.3 375.0 
angers 2001 11 17 321 0.7 9.8 6.4 -999.9 0.0 1.3 7.0 375.0 
angers 2001 11 18 322 -0.3 4.4 1.3 -999.9 0.0 0.9 6.4 375.0 
angers 2001 11 19 323 3.1 4.9 2.1 -999.9 0.0 1.1 6.5 375.0 
angers 2001 11 20 324 2.7 9.0 6.6 -999.9 0.0 1.1 6.9 375.0 
angers 2001 11 21 325 -1.3 10.0 7.2 -999.9 0.0 0.3 6.7 375.0 
angers 2001 11 22 326 -2.5 10.8 2.7 -999.9 1.0 2.2 7.2 375.0 
angers 2001 11 23 327 4.5 10.8 6.1 -999.9 0.0 0.7 8.1 375.0 
angers 2001 11 24 328 4.4 10.6 1.2 -999.9 2.0 1.2 9.2 375.0 
angers 2001 11 25 329 7.0 12.0 3.5 -999.9 3.5 1.4 11.2 375.0 
angers 2001 11 26 330 5.3 9.4 2.9 -999.9 0.5 1.9 8.8 375.0 
angers 2001 11 27 331 -1.1 10.3 5.2 -999.9 1.5 2.3 7.1 375.0 
angers 2001 11 28 332 6.0 12.1 6.2 -999.9 0.0 1.8 9.6 375.0 
angers 2001 11 29 333 7.9 13.3 1.9 -999.9 8.0 3.7 11.4 375.0 
angers 2001 11 30 334 11.8 13.7 1.4 -999.9 0.5 3.4 13.5 375.0 
angers 2001 12 1 335 9.0 13.0 1.6 -999.9 0.5 2.4 11.7 375.0 
angers 2001 12 2 336 2.3 11.0 2.8 -999.9 0.0 0.8 9.0 375.0 
angers 2001 12 3 337 8.0 11.4 1.9 -999.9 0.5 1.2 11.1 375.0 
angers 2001 12 4 338 7.6 13.4 3.7 -999.9 1.0 3.1 10.8 375.0 
angers 2001 12 5 339 8.1 13.9 1.3 -999.9 0.5 3.2 11.9 375.0 
angers 2001 12 6 340 4.8 12.1 4.8 -999.9 0.0 0.9 9.1 375.0 
angers 2001 12 7 341 2.1 9.8 6.0 -999.9 0.0 1.8 7.3 375.0 
angers 2001 12 8 342 -0.5 6.5 6.0 -999.9 0.0 1.9 6.2 375.0 
angers 2001 12 9 343 -1.8 4.9 6.4 -999.9 0.0 2.2 5.6 375.0 
angers 2001 12 10 344 -2.4 4.0 5.8 -999.9 0.5 2.0 5.0 375.0 
angers 2001 12 11 345 -3.1 5.9 6.0 -999.9 0.0 1.6 4.9 375.0 
angers 2001 12 12 346 0.1 4.6 1.3 -999.9 0.0 2.6 6.1 375.0 
angers 2001 12 13 347 1.6 6.9 5.0 -999.9 0.0 3.2 6.0 375.0 
angers 2001 12 14 348 -3.2 1.3 6.0 -999.9 0.0 3.3 3.1 375.0 
angers 2001 12 15 349 -5.7 0.0 5.6 -999.9 0.0 2.1 3.2 375.0 
angers 2001 12 16 350 -4.3 2.3 5.8 -999.9 0.0 2.4 3.9 375.0 
angers 2001 12 17 351 -4.0 4.1 6.0 -999.9 0.0 2.0 4.2 375.0 
angers 2001 12 18 352 -1.3 1.7 0.9 -999.9 0.0 2.6 5.0 375.0 
angers 2001 12 19 353 -2.7 1.8 1.9 -999.9 0.0 1.7 4.4 375.0 
angers 2001 12 20 354 -3.7 6.2 3.8 -999.9 0.0 0.9 5.5 375.0 
angers 2001 12 21 355 -7.4 5.8 1.6 -999.9 1.0 2.4 4.8 375.0 
angers 2001 12 22 356 -0.6 5.7 3.4 -999.9 1.0 1.8 5.8 375.0 
angers 2001 12 23 357 -3.9 3.9 6.6 -999.9 0.0 0.8 4.9 375.0 
angers 2001 12 24 358 -5.2 6.0 2.7 -999.9 0.5 2.5 5.0 375.0 
angers 2001 12 25 359 3.4 9.5 1.8 -999.9 2.5 4.5 8.2 375.0 
angers 2001 12 26 360 -0.1 5.5 5.7 -999.9 0.5 2.4 6.1 375.0 
angers 2001 12 27 361 0.8 9.6 3.6 -999.9 0.0 3.5 7.3 375.0 
angers 2001 12 28 362 8.2 11.7 1.9 -999.9 9.5 4.2 10.5 375.0 
angers 2001 12 29 363 6.9 11.3 0.6 -999.9 26.5 5.1 11.1 375.0 
angers 2001 12 30 364 -1.4 4.2 3.3 -999.9 0.0 0.8 6.5 375.0 
angers 2001 12 31 365 -2.9 4.1 6.8 -999.9 0.0 1.3 6.1 375.0 
