        2006          11          18         322   1.35631564E-19
        2006          11          29         333   1.35631564E-19
        2007           1          17          17   1.35631564E-19
        2007           1          18          18   1.35631564E-19
        2007           2           1          32   1.35631564E-19
        2007           2           9          40   1.35631564E-19
        2007           2          20          51   1.35631564E-19
        2007           2          24          55   1.35631564E-19
        2007           3           6          65   1.35631564E-19
        2007           3          14          73   1.35631564E-19
        2007           3          16          75   1.35631564E-19
        2007           3          27          86   1.35631564E-19
        2007           4          10         100   1.35631564E-19
        2007           4          12         102   1.35631564E-19
        2007           4          16         106   1.35631564E-19
        2007           4          20         110   1.35631564E-19
        2007           4          25         115   1.35631564E-19
        2007           4          26         116   1.35631564E-19
        2007           5           4         124   1.35631564E-19
        2007           5          10         130   1.35631564E-19
        2007           5          11         131   1.35631564E-19
        2007           5          14         134   1.35631564E-19
        2007           6           4         155   1.35631564E-19
        2007           6          12         163   1.35631564E-19
        2007           7          10         191   1.35631564E-19
