          62 repartir   300.000000       2.38952707E-05   0.00000000       7.96509084E-06   0.00000000     deltai   8.59615160E-04   0.00000000    
          63 repartir   300.000000       6.47194916E-04   8.59615160E-04   2.15731634E-04   0.00000000     deltai   1.52201727E-02   2.12420244E-04
          64 repartir   300.000000       8.50907713E-03   1.60797872E-02   2.83635920E-03   0.00000000     deltai   1.65245924E-02   7.57071003E-03
          65 repartir   300.000000       1.70310121E-02   3.26043814E-02   5.67700434E-03   0.00000000     deltai   2.08544619E-02   1.55733693E-02
          66 repartir   300.000000       1.77315529E-02   5.34588434E-02   5.91051718E-03   0.00000000     deltai   2.31298078E-02   3.57272923E-02
          67 repartir   300.000000       2.92908046E-02   7.65886530E-02   9.76360124E-03   0.00000000     deltai   1.14184953E-02   4.72978503E-02
          68 repartir   300.000000       5.69454469E-02   8.80071521E-02   1.89818162E-02   0.00000000     deltai   1.83229335E-02   3.10617052E-02
          69 repartir   300.000000       7.25862235E-02  0.106330082       2.41954066E-02   0.00000000     deltai   2.48878580E-02   3.37438583E-02
          70 repartir   300.000000       9.97629389E-02  0.131217942       3.32543105E-02   0.00000000     deltai   2.58745290E-02   3.14550027E-02
          71 repartir   300.000000      0.103031017      0.157092467       3.43436711E-02   0.00000000     deltai   3.04077566E-02   5.40614501E-02
          72 repartir   300.000000      0.120676138      0.187500224       4.02253792E-02   0.00000000     deltai   1.97016168E-02   6.68240860E-02
          73 repartir   300.000000      0.124944732      0.207201838       4.16482463E-02   0.00000000     deltai   2.03391463E-02   8.22571069E-02
          74 repartir   300.000000      0.135967508      0.227540985       4.53225039E-02   0.00000000     deltai   2.13937499E-02   9.15734768E-02
          75 repartir   300.000000      0.154685542      0.248934731       5.15618436E-02   0.00000000     deltai   2.63397992E-02   9.42491889E-02
          76 repartir   300.000000      0.179722786      0.275274515       5.99075928E-02   0.00000000     deltai   2.14055516E-02   9.55517292E-02
          77 repartir   300.000000      0.239650771      0.296680063       7.98835903E-02   0.00000000     deltai   2.72294432E-02   5.70292920E-02
          78 repartir   300.000000      0.306016266      0.323909521      0.102005422       0.00000000     deltai   4.84452918E-02   1.78932548E-02
          79 repartir   300.000000      0.398498029      0.372354805      0.132832676       0.00000000     deltai   7.46640936E-02   0.00000000    
          80 repartir   300.000000      0.497053117      0.447018892      0.165684372       0.00000000     deltai   9.65791047E-02   0.00000000    
          81 repartir   300.000000      0.515314877      0.543597996      0.171771616       0.00000000     deltai  0.108809084       2.82831192E-02
          82 repartir   300.000000      0.536123931      0.652407050      0.178707972       0.00000000     deltai   7.36452267E-02  0.116283119    
          83 repartir   300.000000      0.640541553      0.726052284      0.213513851       0.00000000     deltai   7.54965395E-02   8.55107307E-02
          84 repartir   300.000000      0.729027808      0.801548839      0.243009254       0.00000000     deltai  0.142757580       7.25210309E-02
          85 repartir   300.000000      0.851396382      0.944306433      0.283798814       0.00000000     deltai   7.07367361E-02   9.29100513E-02
          86 repartir   300.000000      0.969278038       1.01504314      0.323092669       0.00000000     deltai   6.38660863E-02   4.57651019E-02
          87 repartir   300.000000       1.09214020       1.07890928      0.364046723       0.00000000     deltai   8.20295662E-02   0.00000000    
          88 repartir   300.000000       1.21969354       1.16093886      0.406564504       0.00000000     deltai   9.25842226E-02   0.00000000    
