angers 2002 1 1 1 -4.9 2.7 7.1 -999.9 0.5 2.0 4.3 375.0 
angers 2002 1 2 2 -2.2 3.5 4.0 -999.9 0.0 2.2 4.4 375.0 
angers 2002 1 3 3 0.4 5.7 4.9 -999.9 0.0 2.0 5.4 375.0 
angers 2002 1 4 4 -1.4 9.4 3.5 -999.9 0.0 1.4 6.3 375.0 
angers 2002 1 5 5 5.5 9.2 2.8 -999.9 0.0 1.0 8.2 375.0 
angers 2002 1 6 6 -1.5 8.2 5.8 -999.9 0.0 0.9 6.7 375.0 
angers 2002 1 7 7 -1.6 4.8 1.9 -999.9 0.0 2.1 5.7 375.0 
angers 2002 1 8 8 1.5 3.9 1.4 -999.9 0.0 2.3 5.8 375.0 
angers 2002 1 9 9 -1.0 9.6 4.2 -999.9 0.5 1.4 6.8 375.0 
angers 2002 1 10 10 4.1 9.0 3.7 -999.9 2.5 1.5 8.3 375.0 
angers 2002 1 11 11 6.4 8.6 0.9 -999.9 3.0 2.1 9.4 375.0 
angers 2002 1 12 12 7.4 11.7 5.4 -999.9 0.0 1.7 10.2 375.0 
angers 2002 1 13 13 7.2 13.3 3.9 -999.9 0.0 1.8 10.6 375.0 
angers 2002 1 14 14 7.9 12.1 2.9 -999.9 1.5 1.5 11.2 375.0 
angers 2002 1 15 15 7.4 10.3 3.0 -999.9 3.5 2.9 10.0 375.0 
angers 2002 1 16 16 0.9 11.7 5.5 -999.9 0.5 1.6 7.9 375.0 
angers 2002 1 17 17 5.6 8.9 3.4 -999.9 1.5 2.9 9.0 375.0 
angers 2002 1 18 18 6.2 10.2 2.9 -999.9 2.0 2.5 10.0 375.0 
angers 2002 1 19 19 7.8 12.3 4.8 -999.9 0.0 3.2 10.8 375.0 
angers 2002 1 20 20 9.0 11.9 3.4 -999.9 0.0 4.2 10.9 375.0 
angers 2002 1 21 21 7.9 13.0 6.6 -999.9 0.0 3.5 9.1 375.0 
angers 2002 1 22 22 6.9 12.4 5.8 -999.9 0.0 3.8 9.3 375.0 
angers 2002 1 23 23 7.6 12.8 3.1 -999.9 2.0 5.9 9.2 375.0 
angers 2002 1 24 24 9.3 12.4 4.3 -999.9 0.0 5.1 10.6 375.0 
angers 2002 1 25 25 6.2 12.5 3.0 -999.9 0.0 4.1 10.1 375.0 
angers 2002 1 26 26 9.5 14.2 3.2 -999.9 21.0 6.6 11.2 375.0 
angers 2002 1 27 27 10.4 14.2 1.5 -999.9 1.0 6.4 13.1 375.0 
angers 2002 1 28 28 10.1 15.5 6.8 -999.9 0.0 4.2 12.0 375.0 
angers 2002 1 29 29 7.0 13.9 5.0 -999.9 0.0 1.4 12.0 375.0 
angers 2002 1 30 30 5.8 15.0 5.6 -999.9 0.0 2.3 11.1 375.0 
angers 2002 1 31 31 6.2 13.2 5.7 -999.9 5.0 3.4 10.6 375.0 
angers 2002 2 1 32 10.0 15.2 6.9 -999.9 0.0 4.2 10.8 375.0 
angers 2002 2 2 33 8.3 15.5 8.8 -999.9 0.0 2.9 8.1 375.0 
angers 2002 2 3 34 9.0 14.1 3.5 -999.9 2.0 5.6 8.4 375.0 
angers 2002 2 4 35 6.7 14.6 3.1 -999.9 1.5 5.4 10.2 375.0 
angers 2002 2 5 36 9.5 12.5 2.6 -999.9 12.5 5.4 11.0 375.0 
angers 2002 2 6 37 6.0 10.8 7.6 -999.9 0.5 3.8 8.7 375.0 
angers 2002 2 7 38 -0.1 11.1 6.6 -999.9 0.0 2.5 7.7 375.0 
angers 2002 2 8 39 8.6 13.0 2.2 -999.9 0.0 3.5 12.8 375.0 
angers 2002 2 9 40 9.6 12.2 2.1 -999.9 17.0 4.5 12.0 375.0 
angers 2002 2 10 41 7.7 12.5 4.2 -999.9 2.0 3.5 10.7 375.0 
angers 2002 2 11 42 9.6 13.1 2.4 -999.9 0.0 4.6 11.4 375.0 
angers 2002 2 12 43 11.9 14.0 2.4 -999.9 0.0 4.2 12.4 375.0 
angers 2002 2 13 44 6.1 13.3 2.1 -999.9 13.5 4.0 10.9 375.0 
angers 2002 2 14 45 5.2 8.2 2.7 -999.9 0.0 5.6 6.5 375.0 
angers 2002 2 15 46 0.0 9.4 11.8 -999.9 0.0 3.2 5.5 375.0 
angers 2002 2 16 47 -2.0 7.7 10.8 -999.9 0.0 1.4 5.1 375.0 
angers 2002 2 17 48 -2.5 8.4 8.3 -999.9 0.0 0.4 6.3 375.0 
angers 2002 2 18 49 -0.5 10.3 5.9 -999.9 0.0 2.0 7.1 375.0 
angers 2002 2 19 50 1.3 12.4 6.2 -999.9 2.0 3.7 7.9 375.0 
angers 2002 2 20 51 7.8 12.2 2.9 -999.9 14.0 6.0 10.6 375.0 
angers 2002 2 21 52 3.5 8.5 10.0 -999.9 0.0 2.4 6.2 375.0 
angers 2002 2 22 53 5.8 11.1 2.8 -999.9 0.5 4.2 10.4 375.0 
angers 2002 2 23 54 7.1 12.6 7.4 -999.9 0.0 4.7 9.2 375.0 
angers 2002 2 24 55 3.7 10.9 7.5 -999.9 0.5 3.5 8.5 375.0 
angers 2002 2 25 56 9.1 12.7 4.9 -999.9 7.0 4.5 11.7 375.0 
angers 2002 2 26 57 10.3 14.3 7.3 -999.9 6.5 5.8 12.4 375.0 
angers 2002 2 27 58 6.4 10.4 5.3 -999.9 3.5 3.0 9.3 375.0 
angers 2002 2 28 59 3.6 11.5 11.8 -999.9 0.0 3.9 7.8 375.0 
angers 2002 3 1 60 1.9 7.7 3.7 -999.9 21.5 2.6 8.0 375.0 
angers 2002 3 2 61 3.5 5.9 1.6 -999.9 0.5 3.2 7.4 375.0 
angers 2002 3 3 62 -2.1 10.0 15.5 -999.9 0.5 1.2 5.1 375.0 
angers 2002 3 4 63 -2.6 11.2 15.1 -999.9 0.0 1.4 5.8 375.0 
angers 2002 3 5 64 -0.6 11.7 11.6 -999.9 0.0 1.8 7.3 375.0 
angers 2002 3 6 65 2.6 12.5 10.1 -999.9 0.0 2.6 8.6 375.0 
angers 2002 3 7 66 9.1 14.5 4.7 -999.9 0.5 2.2 11.3 375.0 
angers 2002 3 8 67 3.8 14.3 12.6 -999.9 0.0 0.7 9.7 375.0 
angers 2002 3 9 68 5.8 15.4 11.3 -999.9 0.0 2.1 9.4 375.0 
angers 2002 3 10 69 2.3 14.2 16.2 -999.9 0.0 2.1 7.5 375.0 
angers 2002 3 11 70 0.4 12.8 9.7 -999.9 5.0 1.1 7.7 375.0 
angers 2002 3 12 71 8.4 14.1 5.7 -999.9 1.5 1.7 11.1 375.0 
angers 2002 3 13 72 8.5 19.7 11.4 -999.9 0.0 2.1 10.9 375.0 
angers 2002 3 14 73 8.1 14.1 5.4 -999.9 10.5 2.5 10.4 375.0 
angers 2002 3 15 74 8.0 14.0 9.6 -999.9 0.5 2.7 10.2 375.0 
angers 2002 3 16 75 7.9 11.4 3.6 -999.9 5.0 1.5 10.2 375.0 
angers 2002 3 17 76 7.4 14.8 12.5 -999.9 2.0 3.2 9.6 375.0 
angers 2002 3 18 77 7.9 13.4 2.1 -999.9 24.5 5.5 11.4 375.0 
angers 2002 3 19 78 11.9 16.1 5.6 -999.9 0.0 5.8 13.4 375.0 
angers 2002 3 20 79 12.4 15.0 4.3 -999.9 0.0 4.1 13.2 375.0 
angers 2002 3 21 80 10.6 15.2 6.9 -999.9 1.0 2.8 12.6 375.0 
angers 2002 3 22 81 6.9 16.9 12.6 -999.9 0.0 0.6 10.9 375.0 
angers 2002 3 23 82 8.5 13.3 7.7 -999.9 0.0 1.2 10.8 375.0 
angers 2002 3 24 83 3.4 13.6 18.8 -999.9 0.0 2.4 5.9 375.0 
angers 2002 3 25 84 2.6 13.1 18.9 -999.9 0.0 1.7 6.0 375.0 
angers 2002 3 26 85 -0.3 14.5 18.0 -999.9 0.0 1.6 6.8 375.0 
angers 2002 3 27 86 3.9 13.1 15.3 -999.9 0.0 2.4 6.8 375.0 
angers 2002 3 28 87 1.7 16.1 19.6 -999.9 0.0 2.1 5.9 375.0 
angers 2002 3 29 88 2.6 16.5 17.6 -999.9 0.0 2.3 6.1 375.0 
angers 2002 3 30 89 6.0 17.8 18.8 -999.9 0.0 1.6 8.4 375.0 
angers 2002 3 31 90 4.3 12.4 5.2 -999.9 0.0 1.0 9.5 375.0 
angers 2002 4 1 91 6.0 18.8 15.9 -999.9 0.0 1.0 10.8 375.0 
angers 2002 4 2 92 6.0 19.7 13.3 -999.9 0.0 1.9 9.2 375.0 
angers 2002 4 3 93 10.6 13.8 5.1 -999.9 0.0 2.0 8.5 375.0 
angers 2002 4 4 94 8.1 17.4 16.4 -999.9 0.0 1.9 11.3 375.0 
angers 2002 4 5 95 6.4 15.9 11.2 -999.9 0.0 1.2 10.3 375.0 
angers 2002 4 6 96 6.0 16.3 13.5 -999.9 0.0 3.5 6.9 375.0 
angers 2002 4 7 97 6.6 9.1 3.0 -999.9 15.0 2.9 6.8 375.0 
angers 2002 4 8 98 5.2 17.2 20.2 -999.9 0.0 2.5 6.9 375.0 
angers 2002 4 9 99 3.7 15.5 22.2 -999.9 0.0 3.1 5.4 375.0 
angers 2002 4 10 100 4.0 14.3 18.8 -999.9 0.0 3.5 6.1 375.0 
angers 2002 4 11 101 5.8 11.4 5.8 -999.9 4.0 2.7 6.9 375.0 
angers 2002 4 12 102 5.2 14.6 17.5 -999.9 0.0 3.3 7.6 375.0 
angers 2002 4 13 103 4.1 12.6 11.3 -999.9 0.0 2.8 7.1 375.0 
angers 2002 4 14 104 1.9 12.5 13.2 -999.9 0.0 1.1 7.1 375.0 
angers 2002 4 15 105 6.1 14.6 16.6 -999.9 5.0 1.1 9.0 375.0 
angers 2002 4 16 106 1.4 15.7 21.9 -999.9 0.0 1.1 7.7 375.0 
angers 2002 4 17 107 0.3 17.0 20.3 -999.9 1.0 1.8 7.7 375.0 
angers 2002 4 18 108 4.1 15.1 20.6 -999.9 0.0 1.8 8.5 375.0 
angers 2002 4 19 109 4.1 15.9 17.8 -999.9 0.0 1.1 8.7 375.0 
angers 2002 4 20 110 4.4 18.2 18.4 -999.9 0.0 0.7 9.4 375.0 
angers 2002 4 21 111 2.8 20.2 24.9 -999.9 0.0 0.9 8.3 375.0 
angers 2002 4 22 112 4.5 22.0 23.8 -999.9 0.0 0.9 9.0 375.0 
angers 2002 4 23 113 8.9 21.4 23.1 -999.9 0.0 1.5 12.4 375.0 
angers 2002 4 24 114 7.9 24.2 24.4 -999.9 0.0 0.6 12.9 375.0 
angers 2002 4 25 115 8.6 23.0 23.0 -999.9 0.0 1.6 14.0 375.0 
angers 2002 4 26 116 8.3 16.6 9.8 -999.9 0.5 3.2 10.8 375.0 
angers 2002 4 27 117 3.8 15.7 19.5 -999.9 0.0 2.9 7.4 375.0 
angers 2002 4 28 118 9.4 17.4 15.6 -999.9 3.5 4.2 10.4 375.0 
angers 2002 4 29 119 7.6 16.1 22.8 -999.9 0.0 3.7 8.3 375.0 
angers 2002 4 30 120 7.4 16.2 10.2 -999.9 1.0 4.5 10.1 375.0 
angers 2002 5 1 121 9.2 15.4 12.3 -999.9 11.5 2.5 11.3 375.0 
angers 2002 5 2 122 4.7 15.4 16.9 -999.9 0.5 1.1 9.4 375.0 
angers 2002 5 3 123 3.8 16.9 23.2 -999.9 0.0 2.2 8.3 375.0 
angers 2002 5 4 124 3.3 15.7 20.9 -999.9 2.5 1.4 8.5 375.0 
angers 2002 5 5 125 3.1 14.4 19.2 -999.9 0.0 1.9 7.0 375.0 
angers 2002 5 6 126 2.7 15.1 18.0 -999.9 0.0 1.3 7.9 375.0 
angers 2002 5 7 127 4.5 19.6 21.8 -999.9 0.0 1.5 8.9 375.0 
angers 2002 5 8 128 10.9 23.3 24.4 -999.9 0.0 2.4 12.1 375.0 
angers 2002 5 9 129 11.9 14.1 4.8 -999.9 0.0 2.2 12.7 375.0 
angers 2002 5 10 130 10.6 13.7 4.1 -999.9 4.5 2.1 12.3 375.0 
angers 2002 5 11 131 10.0 17.6 14.2 -999.9 0.0 1.9 12.1 375.0 
angers 2002 5 12 132 7.8 18.7 20.9 -999.9 0.0 1.9 10.2 375.0 
angers 2002 5 13 133 10.7 21.1 10.8 -999.9 9.5 3.4 12.5 375.0 
angers 2002 5 14 134 9.7 17.0 14.8 -999.9 2.5 3.4 12.1 375.0 
angers 2002 5 15 135 5.9 23.7 28.8 -999.9 0.0 0.9 11.4 375.0 
angers 2002 5 16 136 12.9 30.0 28.1 -999.9 0.0 2.2 11.8 375.0 
angers 2002 5 17 137 15.7 22.9 10.1 -999.9 0.0 2.6 13.4 375.0 
angers 2002 5 18 138 10.8 19.8 22.6 -999.9 0.0 2.6 11.1 375.0 
angers 2002 5 19 139 12.1 20.7 18.5 -999.9 1.5 2.6 13.8 375.0 
angers 2002 5 20 140 13.9 24.8 23.9 -999.9 0.5 2.3 15.3 375.0 
angers 2002 5 21 141 12.0 22.4 17.7 -999.9 6.0 2.8 13.5 375.0 
angers 2002 5 22 142 11.8 18.9 22.8 -999.9 0.0 3.5 11.7 375.0 
angers 2002 5 23 143 9.3 20.1 23.0 -999.9 0.0 2.7 10.9 375.0 
angers 2002 5 24 144 10.0 19.1 16.9 -999.9 2.0 3.7 11.4 375.0 
angers 2002 5 25 145 9.8 18.3 24.2 -999.9 7.0 3.3 10.6 375.0 
angers 2002 5 26 146 9.6 16.7 21.8 -999.9 3.0 3.9 10.4 375.0 
angers 2002 5 27 147 8.9 18.2 18.5 -999.9 2.0 2.7 11.8 375.0 
angers 2002 5 28 148 9.1 17.3 11.2 -999.9 3.5 3.0 12.0 375.0 
angers 2002 5 29 149 8.0 17.7 15.8 -999.9 0.5 1.9 10.1 375.0 
angers 2002 5 30 150 4.7 20.7 30.0 -999.9 0.0 1.0 9.1 375.0 
angers 2002 5 31 151 6.3 24.4 30.3 -999.9 0.0 1.4 10.5 375.0 
angers 2002 6 1 152 11.5 28.4 29.3 -999.9 0.0 1.6 12.1 375.0 
angers 2002 6 2 153 12.5 30.0 25.5 -999.9 0.0 1.2 15.1 375.0 
angers 2002 6 3 154 14.2 23.4 14.6 -999.9 0.0 1.9 16.3 375.0 
angers 2002 6 4 155 11.4 21.3 15.9 -999.9 0.0 1.6 13.0 375.0 
angers 2002 6 5 156 12.5 15.8 8.4 -999.9 0.5 3.0 12.6 375.0 
angers 2002 6 6 157 7.4 19.5 20.7 -999.9 0.0 2.5 9.4 375.0 
angers 2002 6 7 158 10.3 20.7 20.3 -999.9 4.5 3.2 12.0 375.0 
angers 2002 6 8 159 9.8 20.3 21.7 -999.9 2.0 2.5 12.6 375.0 
angers 2002 6 9 160 11.2 16.3 12.5 -999.9 1.0 3.1 12.3 375.0 
angers 2002 6 10 161 11.1 19.0 18.6 -999.9 1.0 3.6 11.1 375.0 
angers 2002 6 11 162 11.9 18.2 14.6 -999.9 0.5 3.2 12.8 375.0 
angers 2002 6 12 163 12.5 20.9 15.8 -999.9 0.0 2.8 13.7 375.0 
angers 2002 6 13 164 13.5 23.3 16.6 -999.9 0.0 2.2 15.4 375.0 
angers 2002 6 14 165 10.0 31.8 20.7 -999.9 0.5 2.0 17.8 375.0 
angers 2002 6 15 166 14.6 24.8 23.1 -999.9 0.0 1.8 15.4 375.0 
angers 2002 6 16 167 12.9 30.4 29.7 -999.9 0.0 1.1 14.7 375.0 
angers 2002 6 17 168 16.4 34.9 27.7 -999.9 0.0 1.4 18.1 375.0 
angers 2002 6 18 169 16.3 26.5 19.1 -999.9 0.0 2.2 16.6 375.0 
angers 2002 6 19 170 15.8 24.0 15.3 -999.9 7.0 1.8 15.6 375.0 
angers 2002 6 20 171 14.6 20.3 14.0 -999.9 0.0 1.7 15.9 375.0 
angers 2002 6 21 172 13.0 25.5 21.8 -999.9 0.0 1.3 14.1 375.0 
angers 2002 6 22 173 12.0 26.7 29.2 -999.9 0.0 1.8 14.4 375.0 
angers 2002 6 23 174 12.0 24.5 29.3 -999.9 0.0 2.0 11.9 375.0 
angers 2002 6 24 175 9.9 24.2 32.3 -999.9 0.0 2.2 10.5 375.0 
angers 2002 6 25 176 8.8 25.3 31.7 -999.9 0.0 1.5 10.1 375.0 
angers 2002 6 26 177 10.7 26.2 31.4 -999.9 0.0 1.7 11.9 375.0 
angers 2002 6 27 178 9.2 24.1 25.5 -999.9 0.0 2.2 11.0 375.0 
angers 2002 6 28 179 7.5 22.3 26.0 -999.9 0.0 2.1 8.1 375.0 
angers 2002 6 29 180 6.9 23.1 31.5 -999.9 0.0 1.5 8.3 375.0 
angers 2002 6 30 181 9.6 23.4 28.5 -999.9 0.0 1.9 10.3 375.0 
angers 2002 7 1 182 12.3 17.7 6.3 -999.9 0.5 3.8 13.1 375.0 
angers 2002 7 2 183 12.4 20.9 16.3 -999.9 8.0 3.9 12.1 375.0 
angers 2002 7 3 184 14.0 20.5 12.8 -999.9 4.5 4.1 14.2 375.0 
angers 2002 7 4 185 10.3 22.9 26.9 -999.9 0.0 2.3 11.7 375.0 
angers 2002 7 5 186 10.6 17.5 7.6 -999.9 8.5 2.9 13.9 375.0 
angers 2002 7 6 187 12.7 19.6 11.0 -999.9 0.0 1.7 13.8 375.0 
angers 2002 7 7 188 10.6 22.7 20.3 -999.9 0.0 1.6 12.3 375.0 
angers 2002 7 8 189 9.7 26.5 28.7 -999.9 0.5 2.0 13.1 375.0 
angers 2002 7 9 190 14.3 20.2 12.3 -999.9 4.5 3.1 14.0 375.0 
angers 2002 7 10 191 11.7 21.2 21.3 -999.9 0.5 2.7 11.2 375.0 
angers 2002 7 11 192 9.6 22.4 20.4 -999.9 0.0 1.7 10.5 375.0 
angers 2002 7 12 193 13.3 20.8 10.5 -999.9 0.0 2.0 13.2 375.0 
angers 2002 7 13 194 13.5 22.7 25.6 -999.9 0.0 3.5 11.0 375.0 
angers 2002 7 14 195 8.5 25.4 27.5 -999.9 0.0 1.9 9.1 375.0 
angers 2002 7 15 196 10.9 26.7 30.2 -999.9 0.0 2.9 9.5 375.0 
angers 2002 7 16 197 12.8 27.9 30.1 -999.9 0.0 2.6 10.7 375.0 
angers 2002 7 17 198 14.2 27.2 24.7 -999.9 0.0 1.8 15.1 375.0 
angers 2002 7 18 199 11.7 28.2 29.3 -999.9 0.0 1.2 11.6 375.0 
angers 2002 7 19 200 12.7 28.6 29.6 -999.9 0.0 1.4 9.7 375.0 
angers 2002 7 20 201 12.4 31.3 29.0 -999.9 0.0 1.6 10.5 375.0 
angers 2002 7 21 202 10.2 24.4 27.6 -999.9 0.0 1.8 10.9 375.0 
angers 2002 7 22 203 10.6 26.5 29.8 -999.9 0.0 1.3 10.5 375.0 
angers 2002 7 23 204 11.0 28.1 28.8 -999.9 0.0 2.4 12.0 375.0 
angers 2002 7 24 205 15.4 25.6 20.2 -999.9 0.0 2.6 13.3 375.0 
angers 2002 7 25 206 14.1 24.6 15.9 -999.9 0.0 1.5 13.2 375.0 
angers 2002 7 26 207 16.9 23.3 8.3 -999.9 0.0 1.1 17.4 375.0 
angers 2002 7 27 208 13.6 32.5 25.8 -999.9 0.0 1.0 15.8 375.0 
angers 2002 7 28 209 16.4 31.2 27.2 -999.9 0.0 1.9 15.0 375.0 
angers 2002 7 29 210 14.8 28.6 19.3 -999.9 0.0 1.4 15.0 375.0 
angers 2002 7 30 211 16.5 20.7 4.9 -999.9 17.0 1.2 18.6 375.0 
angers 2002 7 31 212 13.6 22.1 20.9 -999.9 1.0 2.3 13.7 375.0 
angers 2002 8 1 213 11.1 21.1 13.9 -999.9 2.5 2.7 13.3 375.0 
angers 2002 8 2 214 13.3 21.3 13.4 -999.9 21.5 2.9 15.6 375.0 
angers 2002 8 3 215 13.1 24.0 20.7 -999.9 0.0 2.3 13.7 375.0 
angers 2002 8 4 216 12.7 25.7 21.0 -999.9 0.0 1.7 15.3 375.0 
angers 2002 8 5 217 11.9 23.1 15.1 -999.9 0.0 1.0 14.2 375.0 
angers 2002 8 6 218 13.8 25.3 20.6 -999.9 0.0 2.0 15.7 375.0 
angers 2002 8 7 219 13.4 24.7 18.1 -999.9 0.0 1.8 15.2 375.0 
angers 2002 8 8 220 16.1 24.0 13.3 -999.9 13.0 2.1 15.9 375.0 
angers 2002 8 9 221 14.2 20.9 14.0 -999.9 5.5 2.9 15.2 375.0 
angers 2002 8 10 222 11.6 18.5 5.8 -999.9 11.0 3.0 14.2 375.0 
angers 2002 8 11 223 13.6 20.6 14.1 -999.9 0.0 2.6 15.6 375.0 
angers 2002 8 12 224 14.9 22.5 13.4 -999.9 0.0 2.0 15.3 375.0 
angers 2002 8 13 225 9.0 24.8 25.3 -999.9 0.0 0.7 13.9 375.0 
angers 2002 8 14 226 12.5 28.3 26.0 -999.9 0.0 1.1 14.9 375.0 
angers 2002 8 15 227 13.4 31.0 22.4 -999.9 0.0 0.9 16.3 375.0 
angers 2002 8 16 228 14.4 29.7 23.3 -999.9 0.0 0.7 16.7 375.0 
angers 2002 8 17 229 14.5 29.6 21.8 -999.9 0.0 1.0 17.8 375.0 
angers 2002 8 18 230 15.5 24.2 7.4 -999.9 7.0 1.0 20.6 375.0 
angers 2002 8 19 231 16.8 26.4 17.2 -999.9 0.0 1.3 17.8 375.0 
angers 2002 8 20 232 16.0 23.8 15.7 -999.9 0.0 1.6 13.9 375.0 
angers 2002 8 21 233 10.6 24.8 23.8 -999.9 0.0 0.9 13.6 375.0 
angers 2002 8 22 234 12.4 21.5 9.4 -999.9 1.0 0.8 15.1 375.0 
angers 2002 8 23 235 11.1 25.2 22.8 -999.9 0.0 1.1 11.7 375.0 
angers 2002 8 24 236 10.2 25.4 21.4 -999.9 0.0 0.9 11.8 375.0 
angers 2002 8 25 237 11.8 22.3 10.4 -999.9 3.0 1.2 13.4 375.0 
angers 2002 8 26 238 14.8 16.2 2.3 -999.9 19.5 1.9 16.5 375.0 
angers 2002 8 27 239 15.6 18.2 4.6 -999.9 9.0 1.5 18.9 375.0 
angers 2002 8 28 240 15.6 20.5 7.7 -999.9 0.0 1.7 17.6 375.0 
angers 2002 8 29 241 13.6 24.9 15.2 -999.9 0.0 1.1 18.1 375.0 
angers 2002 8 30 242 12.8 26.5 21.2 -999.9 0.0 0.7 15.3 375.0 
angers 2002 8 31 243 14.2 23.4 15.1 -999.9 0.0 1.6 15.4 375.0 
angers 2002 9 1 244 9.7 21.8 22.3 -999.9 0.0 1.7 10.5 375.0 
angers 2002 9 2 245 9.2 24.1 20.0 -999.9 0.0 1.4 11.9 375.0 
angers 2002 9 3 246 12.0 26.1 17.1 -999.9 0.0 0.9 14.5 375.0 
angers 2002 9 4 247 13.2 21.8 13.0 -999.9 0.0 1.9 12.8 375.0 
angers 2002 9 5 248 11.6 22.0 15.8 -999.9 0.0 1.6 13.0 375.0 
angers 2002 9 6 249 12.1 21.2 8.7 -999.9 0.0 1.8 15.1 375.0 
angers 2002 9 7 250 14.9 23.4 12.4 -999.9 0.0 2.5 15.5 375.0 
angers 2002 9 8 251 12.8 21.7 14.2 -999.9 32.5 1.4 13.0 375.0 
angers 2002 9 9 252 12.2 20.9 12.9 -999.9 16.0 2.5 14.3 375.0 
angers 2002 9 10 253 7.8 22.4 17.4 -999.9 0.0 0.8 12.0 375.0 
angers 2002 9 11 254 11.2 22.6 19.7 -999.9 0.0 1.1 12.3 375.0 
angers 2002 9 12 255 9.7 20.7 17.6 -999.9 0.0 1.6 12.9 375.0 
angers 2002 9 13 256 11.9 24.1 19.6 -999.9 0.0 1.4 13.2 375.0 
angers 2002 9 14 257 9.6 24.5 19.8 -999.9 0.0 1.9 10.7 375.0 
angers 2002 9 15 258 10.3 21.2 17.2 -999.9 0.0 2.0 10.9 375.0 
angers 2002 9 16 259 10.1 22.9 19.9 -999.9 0.0 2.1 9.9 375.0 
angers 2002 9 17 260 8.5 24.2 19.5 -999.9 0.0 1.5 9.5 375.0 
angers 2002 9 18 261 10.2 25.7 13.7 -999.9 21.0 1.3 14.2 375.0 
angers 2002 9 19 262 16.1 24.7 10.2 -999.9 0.0 0.9 21.1 375.0 
angers 2002 9 20 263 13.5 24.6 11.0 -999.9 0.0 1.1 17.6 375.0 
angers 2002 9 21 264 11.9 22.1 17.6 -999.9 0.0 1.5 11.2 375.0 
angers 2002 9 22 265 10.5 20.2 15.7 -999.9 0.0 1.5 11.0 375.0 
angers 2002 9 23 266 7.7 19.8 15.9 -999.9 0.0 1.7 9.7 375.0 
angers 2002 9 24 267 6.2 16.6 16.4 -999.9 0.0 1.7 7.7 375.0 
angers 2002 9 25 268 3.9 18.1 17.7 -999.9 0.0 1.2 7.1 375.0 
angers 2002 9 26 269 6.2 18.3 10.7 -999.9 0.0 1.4 10.7 375.0 
angers 2002 9 27 270 8.9 19.8 14.6 -999.9 0.0 0.6 12.1 375.0 
angers 2002 9 28 271 5.0 21.3 16.7 -999.9 0.0 1.2 9.7 375.0 
angers 2002 9 29 272 5.6 22.1 16.9 -999.9 0.0 1.0 7.7 375.0 
angers 2002 9 30 273 4.4 23.2 14.6 -999.9 0.0 0.7 9.8 375.0 
angers 2002 10 1 274 9.6 22.1 10.4 -999.9 0.0 0.8 11.9 375.0 
angers 2002 10 2 275 14.7 20.2 4.7 -999.9 0.5 0.4 17.7 375.0 
angers 2002 10 3 276 14.9 21.1 4.3 -999.9 2.0 0.6 19.0 375.0 
angers 2002 10 4 277 9.7 19.7 11.8 -999.9 0.5 1.2 12.9 375.0 
angers 2002 10 5 278 5.9 19.7 14.9 -999.9 0.0 0.6 10.3 375.0 
angers 2002 10 6 279 8.1 20.9 10.1 -999.9 0.0 1.3 12.9 375.0 
angers 2002 10 7 280 4.3 17.3 15.0 -999.9 0.0 0.7 9.1 375.0 
angers 2002 10 8 281 3.1 18.7 13.3 -999.9 0.0 1.1 8.5 375.0 
angers 2002 10 9 282 9.9 16.8 4.2 -999.9 16.0 1.1 11.5 375.0 
angers 2002 10 10 283 12.1 16.1 2.9 -999.9 0.0 0.7 15.6 375.0 
angers 2002 10 11 284 6.4 19.7 10.9 -999.9 0.5 1.0 12.9 375.0 
angers 2002 10 12 285 11.6 17.8 13.2 -999.9 0.0 2.3 11.2 375.0 
angers 2002 10 13 286 10.2 16.2 4.1 -999.9 1.0 2.9 11.7 375.0 
angers 2002 10 14 287 8.9 14.3 5.5 -999.9 3.5 1.4 9.3 375.0 
angers 2002 10 15 288 10.8 19.5 11.0 -999.9 0.5 4.0 12.0 375.0 
angers 2002 10 16 289 12.1 18.7 7.9 -999.9 0.0 3.4 13.1 375.0 
angers 2002 10 17 290 7.5 12.9 5.5 -999.9 4.0 2.4 9.9 375.0 
angers 2002 10 18 291 6.7 14.7 9.8 -999.9 1.0 2.4 9.4 375.0 
angers 2002 10 19 292 0.8 13.8 11.2 -999.9 0.5 1.0 7.4 375.0 
angers 2002 10 20 293 7.2 17.6 7.4 -999.9 2.5 1.9 8.8 375.0 
angers 2002 10 21 294 12.8 20.4 8.2 -999.9 9.5 2.6 14.3 375.0 
angers 2002 10 22 295 12.5 17.0 3.7 -999.9 17.0 5.2 13.1 375.0 
angers 2002 10 23 296 9.3 14.8 10.8 -999.9 2.0 3.0 8.6 375.0 
angers 2002 10 24 297 8.4 15.2 2.8 -999.9 17.5 2.9 12.2 375.0 
angers 2002 10 25 298 12.6 17.6 3.8 -999.9 15.0 4.7 14.2 375.0 
angers 2002 10 26 299 11.4 18.5 9.6 -999.9 2.5 3.4 11.2 375.0 
angers 2002 10 27 300 11.8 17.1 9.3 -999.9 0.0 4.5 10.5 375.0 
angers 2002 10 28 301 3.0 15.3 10.9 -999.9 0.0 1.4 7.3 375.0 
angers 2002 10 29 302 5.1 18.7 9.6 -999.9 0.0 1.1 9.9 375.0 
angers 2002 10 30 303 8.0 17.1 6.6 -999.9 0.0 1.3 12.1 375.0 
angers 2002 10 31 304 12.3 17.4 5.2 -999.9 0.0 1.6 14.0 375.0 
angers 2002 11 1 305 10.0 16.0 4.8 -999.9 3.0 3.1 13.6 375.0 
angers 2002 11 2 306 14.8 17.2 1.8 -999.9 21.0 3.9 18.0 375.0 
angers 2002 11 3 307 10.4 15.4 7.4 -999.9 2.0 3.4 11.9 375.0 
angers 2002 11 4 308 8.1 14.7 6.7 -999.9 0.0 2.0 10.8 375.0 
angers 2002 11 5 309 5.1 17.6 5.7 -999.9 0.5 1.0 12.3 375.0 
angers 2002 11 6 310 9.8 12.7 1.5 -999.9 10.5 3.6 12.8 375.0 
angers 2002 11 7 311 6.4 12.0 5.8 -999.9 4.5 2.8 10.0 375.0 
angers 2002 11 8 312 6.2 13.9 2.0 -999.9 12.5 3.3 11.9 375.0 
angers 2002 11 9 313 11.6 14.9 3.2 -999.9 1.5 3.0 14.0 375.0 
angers 2002 11 10 314 13.5 15.6 2.3 -999.9 7.0 3.6 16.5 375.0 
angers 2002 11 11 315 9.1 15.4 7.3 -999.9 0.0 3.0 12.5 375.0 
angers 2002 11 12 316 9.1 13.6 3.1 -999.9 15.5 3.1 12.2 375.0 
angers 2002 11 13 317 9.5 15.2 4.8 -999.9 1.0 4.5 10.0 375.0 
angers 2002 11 14 318 9.5 14.1 6.6 -999.9 1.0 3.9 9.4 375.0 
angers 2002 11 15 319 5.3 14.3 5.7 -999.9 3.0 1.5 9.6 375.0 
angers 2002 11 16 320 3.6 15.2 5.8 -999.9 0.0 0.5 10.0 375.0 
angers 2002 11 17 321 6.2 8.5 2.3 -999.9 0.0 0.9 10.2 375.0 
angers 2002 11 18 322 7.0 11.9 3.2 -999.9 0.5 0.5 10.5 375.0 
angers 2002 11 19 323 2.0 7.6 3.0 -999.9 1.0 1.8 8.6 375.0 
angers 2002 11 20 324 6.0 11.8 2.8 -999.9 4.0 1.9 10.5 375.0 
angers 2002 11 21 325 8.1 13.6 3.9 -999.9 3.5 4.0 10.5 375.0 
angers 2002 11 22 326 7.4 10.3 3.3 -999.9 11.0 3.4 8.6 375.0 
angers 2002 11 23 327 6.4 12.2 3.7 -999.9 6.0 2.3 10.1 375.0 
angers 2002 11 24 328 4.8 12.6 6.7 -999.9 0.5 1.2 9.4 375.0 
angers 2002 11 25 329 5.0 12.2 6.7 -999.9 0.0 1.2 10.2 375.0 
angers 2002 11 26 330 1.4 6.8 3.3 -999.9 0.0 1.7 8.2 375.0 
angers 2002 11 27 331 3.5 11.7 6.3 -999.9 2.5 2.4 9.4 375.0 
angers 2002 11 28 332 8.5 11.8 2.6 -999.9 8.0 2.9 11.6 375.0 
angers 2002 11 29 333 7.2 8.8 1.7 -999.9 8.5 2.8 10.4 375.0 
angers 2002 11 30 334 3.5 10.4 2.3 -999.9 5.0 1.6 10.0 375.0 
angers 2002 12 1 335 8.9 14.9 2.9 -999.9 7.0 3.4 12.2 375.0 
angers 2002 12 2 336 6.6 10.3 4.8 -999.9 0.0 3.2 8.6 375.0 
angers 2002 12 3 337 2.6 11.3 6.0 -999.9 0.0 1.1 8.5 375.0 
angers 2002 12 4 338 4.3 9.8 2.1 -999.9 1.0 1.8 9.2 375.0 
angers 2002 12 5 339 3.1 10.2 5.1 -999.9 0.0 3.4 7.4 375.0 
angers 2002 12 6 340 4.3 6.7 1.1 -999.9 0.0 3.0 6.5 375.0 
angers 2002 12 7 341 1.5 3.1 1.1 -999.9 0.0 2.0 5.4 375.0 
angers 2002 12 8 342 1.4 3.4 0.6 -999.9 0.0 1.4 6.2 375.0 
angers 2002 12 9 343 1.7 3.2 0.5 -999.9 0.5 2.6 5.9 375.0 
angers 2002 12 10 344 -0.6 7.7 1.5 -999.9 0.0 2.6 6.1 375.0 
angers 2002 12 11 345 5.7 9.1 2.5 -999.9 1.5 2.0 7.7 375.0 
angers 2002 12 12 346 3.2 10.9 3.9 -999.9 0.5 2.0 9.0 375.0 
angers 2002 12 13 347 5.7 13.0 4.6 -999.9 2.5 1.8 10.8 375.0 
angers 2002 12 14 348 5.9 11.5 0.8 -999.9 8.0 3.0 10.3 375.0 
angers 2002 12 15 349 9.2 12.6 4.1 -999.9 6.0 5.2 11.2 375.0 
angers 2002 12 16 350 7.5 10.7 1.4 -999.9 5.0 1.1 11.5 375.0 
angers 2002 12 17 351 6.5 8.2 0.6 -999.9 1.0 2.3 10.3 375.0 
angers 2002 12 18 352 1.2 5.0 2.5 -999.9 0.0 3.3 5.9 375.0 
angers 2002 12 19 353 0.2 6.9 3.1 -999.9 0.0 2.3 6.4 375.0 
angers 2002 12 20 354 2.1 11.9 1.7 -999.9 0.0 2.1 9.4 375.0 
angers 2002 12 21 355 10.8 13.6 1.9 -999.9 16.0 2.7 14.2 375.0 
angers 2002 12 22 356 10.5 14.5 0.7 -999.9 2.0 4.2 14.5 375.0 
angers 2002 12 23 357 10.0 14.7 2.7 -999.9 2.0 2.4 13.2 375.0 
angers 2002 12 24 358 10.6 13.4 2.0 -999.9 6.5 3.3 12.9 375.0 
angers 2002 12 25 359 8.8 13.8 1.7 -999.9 13.5 2.9 13.2 375.0 
angers 2002 12 26 360 11.3 14.6 4.2 -999.9 2.5 4.4 13.1 375.0 
angers 2002 12 27 361 8.4 12.2 0.7 -999.9 11.0 1.9 12.3 375.0 
angers 2002 12 28 362 5.8 12.2 3.8 -999.9 4.5 2.7 10.3 375.0 
angers 2002 12 29 363 8.4 13.5 1.0 -999.9 5.5 4.6 12.8 375.0 
angers 2002 12 30 364 11.1 14.0 3.4 -999.9 0.5 4.2 11.9 375.0 
angers 2002 12 31 365 8.8 11.3 2.0 -999.9 0.5 3.2 10.0 375.0 
