          21 repartir   350.000000       1.19608967E-05   3.48408194E-03   3.41739906E-06   0.00000000     deltai   1.71587802E-03   3.47212097E-03
          22 repartir   350.000000       2.17949491E-05   5.19995997E-03   6.22712832E-06   0.00000000     deltai   1.99174765E-03   5.17816516E-03
          23 repartir   350.000000       3.21283951E-05   7.19170738E-03   9.17954185E-06   0.00000000     deltai   1.69362163E-03   7.15957908E-03
          24 repartir   350.000000       4.97046349E-05   8.88532866E-03   1.42013241E-05   0.00000000     deltai   1.45097566E-03   8.83562397E-03
          25 repartir   350.000000       1.27540890E-03   1.03363041E-02   3.64402513E-04   0.00000000     deltai   1.76635862E-03   9.06089507E-03
          26 repartir   350.000000       1.61800324E-03   1.21026626E-02   4.62286640E-04   0.00000000     deltai   3.00352997E-03   1.04846591E-02
          27 repartir   350.000000       1.63713109E-03   1.51061928E-02   4.67751757E-04   0.00000000     deltai   3.86993587E-03   1.34690618E-02
          28 repartir   350.000000       5.41517790E-03   1.89761296E-02   1.54719374E-03   0.00000000     deltai   2.64652842E-03   1.35609517E-02
          29 repartir   350.000000       9.70649812E-03   2.16226578E-02   2.77328514E-03   0.00000000     deltai   3.63280880E-03   1.19161597E-02
          30 repartir   350.000000       1.39605431E-02   2.52554659E-02   3.98872653E-03   0.00000000     deltai   3.36259976E-03   1.12949228E-02
          31 repartir   350.000000       1.85733400E-02   2.86180656E-02   5.30666858E-03   0.00000000     deltai   4.12247330E-03   1.00447256E-02
          32 repartir   350.000000       2.13667676E-02   3.27405408E-02   6.10479107E-03   0.00000000     deltai   4.94027277E-03   1.13737732E-02
          33 repartir   350.000000       2.54817512E-02   3.76808122E-02   7.28050014E-03   0.00000000     deltai   5.26377046E-03   1.21990610E-02
          34 repartir   350.000000       2.60655954E-02   4.29445840E-02   7.44731305E-03   0.00000000     deltai   1.22908205E-02   1.68789886E-02
          35 repartir   350.000000       3.60577218E-02   5.52354045E-02   1.03022065E-02   0.00000000     deltai   1.47851612E-02   1.91776827E-02
          36 repartir   350.000000       4.48723547E-02   7.00205639E-02   1.28206732E-02   0.00000000     deltai   2.82224771E-02   2.51482092E-02
          37 repartir   350.000000       7.37128034E-02   9.82430428E-02   2.10608020E-02   0.00000000     deltai   3.48280668E-02   2.45302394E-02
          38 repartir   350.000000      0.104202077      0.133071110       2.97720227E-02   0.00000000     deltai   5.98496161E-02   2.88690329E-02
          39 repartir   350.000000      0.137182564      0.192920730       3.91950198E-02   0.00000000     deltai   5.21211512E-02   5.57381660E-02
          40 repartir   350.000000      0.174335390      0.245041877       4.98101078E-02   0.00000000     deltai   5.89780062E-02   7.07064867E-02
          41 repartir   350.000000      0.185891703      0.304019868       5.31119145E-02   0.00000000     deltai   5.62140197E-02  0.118128166    
          42 repartir   350.000000      0.206605852      0.360233903       5.90302460E-02   0.00000000     deltai   5.57814166E-02  0.153628051    
          43 repartir   350.000000      0.240972176      0.416015327       6.88491911E-02   0.00000000     deltai   7.88597912E-02  0.175043151    
          44 repartir   350.000000      0.296246022      0.494845092       8.46417248E-02   0.00000000     deltai  0.116661265      0.198599070    
          45 repartir   350.000000      0.385761797      0.611506343      0.110217653       0.00000000     deltai   5.52738607E-02  0.225744545    
          46 repartir   350.000000      0.470907062      0.666780233      0.134544879       0.00000000     deltai   8.95157531E-02  0.195873171    
          47 repartir   350.000000      0.559533834      0.756295979      0.159866810       0.00000000     deltai   8.51453021E-02  0.196762145    
          48 repartir   350.000000      0.673355579      0.841441274      0.192387298       0.00000000     deltai   8.86267498E-02  0.168085694    
          49 repartir   350.000000      0.783846200      0.930068016      0.223956048       0.00000000     deltai  0.113821723      0.146221817    
          50 repartir   350.000000       1.01552713       1.04388976      0.290150613       0.00000000     deltai  0.110490583       2.83626318E-02
          51 repartir   350.000000       1.20397699       1.15438032      0.343993425       0.00000000     deltai  0.159592032       0.00000000    
          52 repartir   350.000000       1.42354298       1.31397235      0.406726569       0.00000000     deltai  0.127790898       0.00000000    
