          64 repartir   250.000000       7.69779366E-03   9.59345896E-04   3.07911751E-03   0.00000000     deltai   2.16768477E-02   0.00000000    
          65 repartir   250.000000       1.85205042E-02   2.26361938E-02   7.40820169E-03   0.00000000     deltai   2.57532485E-02   4.11568955E-03
          66 repartir   250.000000       1.85205042E-02   4.83894423E-02   7.40820169E-03   0.00000000     deltai   2.75538266E-02   2.98689380E-02
          67 repartir   250.000000       3.91142517E-02   7.59432688E-02   1.56457014E-02   0.00000000     deltai   1.69134941E-02   3.68290171E-02
          68 repartir   250.000000       8.71377215E-02   9.28567648E-02   3.48550864E-02   0.00000000     deltai   2.28537060E-02   5.71904331E-03
          69 repartir   250.000000      0.109835990      0.115710467       4.39343937E-02   0.00000000     deltai   2.80077457E-02   5.87447733E-03
          70 repartir   250.000000      0.150260106      0.143718213       6.01040423E-02   0.00000000     deltai   2.58745365E-02   0.00000000    
          71 repartir   250.000000      0.151405931      0.169592753       6.05623759E-02   0.00000000     deltai   2.97491699E-02   1.81868225E-02
          72 repartir   250.000000      0.177935600      0.199341923       7.11742416E-02   0.00000000     deltai   2.24370696E-02   2.14063227E-02
          73 repartir   250.000000      0.180463582      0.221778989       7.21854344E-02   0.00000000     deltai   2.37771962E-02   4.13154066E-02
          74 repartir   250.000000      0.193354607      0.245556191       7.73418397E-02   0.00000000     deltai   2.44432893E-02   5.22015840E-02
          75 repartir   250.000000      0.218903556      0.269999474       8.75614211E-02   0.00000000     deltai   2.75006089E-02   5.10959178E-02
          76 repartir   250.000000      0.258980036      0.297500074      0.103592016       0.00000000     deltai   2.43028030E-02   3.85200381E-02
